Time		Case1		Case2		Case3		Case4
1		100800		99000		100800		99000
2		100800		99000		100800		99000
3		100800		99000		100800		99000
4		100800		99000		100800		99000
5		100800		99000		100800		99000
6		100800		99000		100800		99000
7		100800		99000		100800		99000
8		100800		99000		100800		99000
9		100800		99000		100800		99000
10		100800		99000		100800		99000
11		100800		99000		100800		99000
12		100800		99000		100800		99000
13		100800		99000		100800		99000
14		100800		99000		100800		99000
15		100800		99000		100800		99000
16		90000		99000		90000		99000
17		90000		99000		90000		99000
18		90000		99000		90000		99000
19		100800		99000		100800		99000
20		100800		99000		100800		99000
21		100800		99000		100800		99000
22		102960		100800		102960		100800
23		102960		100800		102960		100800
24		102960		100800		102960		100800
25		102960		100800		102960		100800
26		102960		100800		102960		100800
27		102960		100800		102960		100800
28		102960		100800		102960		100800
29		102960		100800		102960		100800
30		102960		100800		102960		100800
31		102960		100800		102960		100800
32		102960		100800		102960		100800
33		102960		100800		102960		100800
34		92160		100800		92160		100800
35		92160		100800		92160		100800
36		92160		100800		92160		100800
37		100800		100800		100800		100800
38		100800		100800		100800		100800
39		100800		100800		100800		100800
40		102960		100800		102960		100800
41		102960		100800		102960		100800
42		102960		100800		102960		100800
43		105120		102600		105120		102600
44		105120		102600		105120		102600
45		105120		102600		105120		102600
46		105120		102600		105120		102600
47		105120		102600		105120		102600
48		105120		102600		105120		102600
49		105120		102600		105120		102600
50		105120		102600		105120		102600
51		105120		102600		105120		102600
52		94320		102600		94320		102600
53		94320		102600		94320		102600
54		94320		102600		94320		102600
55		102960		102600		102960		102600
56		102960		102600		102960		102600
57		102960		102600		102960		102600
58		102960		102600		102960		102600
59		102960		102600		102960		102600
60		102960		102600		102960		102600
61		105120		102600		105120		102600
62		105120		102600		105120		102600
63		105120		102600		105120		102600
64		107280		104400		107280		104400
65		107280		104400		107280		104400
66		107280		104400		107280		104400
67		107280		104400		107280		104400
68		107280		104400		107280		104400
69		107280		104400		107280		104400
70		96480		104400		96480		104400
71		96480		104400		96480		104400
72		96480		104400		96480		104400
73		105120		104400		105120		104400
74		105120		104400		105120		104400
75		105120		104400		105120		104400
76		105120		104400		105120		104400
77		105120		104400		105120		104400
78		105120		104400		105120		104400
79		105120		104400		105120		104400
80		105120		104400		105120		104400
81		105120		104400		105120		104400
82		107280		104400		107280		104400
83		107280		104400		107280		104400
84		107280		104400		107280		104400
85		109440		106200		109440		106200
86		109440		106200		109440		106200
87		109440		106200		109440		106200
88		98640		106200		98640		106200
89		98640		106200		98640		106200
90		98640		106200		98640		106200
91		107280		106200		107280		106200
92		107280		106200		107280		106200
93		107280		106200		107280		106200
94		107280		106200		107280		106200
95		107280		106200		107280		106200
96		107280		106200		107280		106200
97		107280		106200		107280		106200
98		107280		106200		107280		106200
99		107280		106200		107280		106200
100		107280		106200		107280		106200
101		107280		106200		107280		106200
102		107280		106200		107280		106200
103		109440		106200		109440		106200
104		109440		106200		109440		106200
105		109440		106200		109440		106200
106		100800		108000		100800		108000
107		100800		108000		100800		108000
108		100800		108000		100800		108000
109		109440		108000		109440		108000
110		109440		108000		109440		108000
111		109440		108000		109440		108000
112		109440		108000		109440		108000
113		109440		108000		109440		108000
114		109440		108000		109440		108000
115		109440		108000		109440		108000
116		109440		108000		109440		108000
117		109440		108000		109440		108000
118		109440		108000		109440		108000
119		109440		108000		109440		108000
120		109440		108000		109440		108000
121		109440		108000		109440		108000
122		109440		108000		109440		108000
123		109440		108000		109440		108000
124		100800		108000		100800		108000
125		100800		108000		100800		108000
126		100800		108000		100800		108000
127		111600		109800		111600		109800
128		111600		109800		111600		109800
129		111600		109800		111600		109800
130		111600		109800		111600		109800
131		111600		109800		111600		109800
132		111600		109800		111600		109800
133		111600		109800		111600		109800
134		111600		109800		111600		109800
135		111600		109800		111600		109800
136		111600		109800		111600		109800
137		111600		109800		111600		109800
138		111600		109800		111600		109800
139		111600		109800		111600		109800
140		111600		109800		111600		109800
141		111600		109800		111600		109800
142		100800		109800		100800		109800
143		100800		109800		100800		109800
144		100800		109800		100800		109800
145		111600		109800		111600		109800
146		111600		109800		111600		109800
147		111600		109800		111600		109800
148		113760		111600		113760		111600
149		113760		111600		113760		111600
150		113760		111600		113760		111600
151		113760		111600		113760		111600
152		113760		111600		113760		111600
153		113760		111600		113760		111600
154		113760		111600		113760		111600
155		113760		111600		113760		111600
156		113760		111600		113760		111600
157		113760		111600		113760		111600
158		113760		111600		113760		111600
159		113760		111600		113760		111600
160		102960		111600		102960		111600
161		102960		111600		102960		111600
162		102960		111600		102960		111600
163		111600		111600		111600		111600
164		111600		111600		111600		111600
165		111600		111600		111600		111600
166		113760		111600		113760		111600
167		113760		111600		113760		111600
168		113760		111600		113760		111600
169		117000		114300		117000		114300
170		117000		114300		117000		114300
171		117000		114300		117000		114300
172		117000		114300		117000		114300
173		117000		114300		117000		114300
174		117000		114300		117000		114300
175		117000		114300		117000		114300
176		117000		114300		117000		114300
177		117000		114300		117000		114300
178		106200		114300		106200		114300
179		106200		114300		106200		114300
180		106200		114300		106200		114300
181		114840		114300		114840		114300
182		114840		114300		114840		114300
183		114840		114300		114840		114300
184		113760		114300		113760		114300
185		113760		114300		113760		114300
186		113760		114300		113760		114300
187		117000		114300		117000		114300
188		117000		114300		117000		114300
189		117000		114300		117000		114300
190		119160		116100		119160		116100
191		119160		116100		119160		116100
192		119160		116100		119160		116100
193		114660		111600		114660		111600
194		114660		111600		114660		111600
195		114660		111600		114660		111600
196		103860		111600		103860		111600
197		103860		111600		103860		111600
198		103860		111600		103860		111600
199		112500		111600		112500		111600
200		112500		111600		112500		111600
201		112500		111600		112500		111600
202		111420		111600		111420		111600
203		111420		111600		111420		111600
204		111420		111600		111420		111600
205		108000		107100		108000		107100
206		108000		107100		108000		107100
207		108000		107100		108000		107100
208		110160		107100		110160		107100
209		110160		107100		110160		107100
210		110160		107100		110160		107100
211		123120		117900		123120		117900
212		123120		117900		123120		117900
213		123120		117900		123120		117900
214		112320		117900		112320		117900
215		112320		117900		112320		117900
216		112320		117900		112320		117900
217		116460		113400		116460		113400
218		116460		113400		116460		113400
219		116460		113400		116460		113400
220		115380		113400		115380		113400
221		115380		113400		115380		113400
222		115380		113400		115380		113400
223		116460		113400		116460		113400
224		116460		113400		116460		113400
225		116460		113400		116460		113400
226		105660		113400		105660		113400
227		105660		113400		105660		113400
228		105660		113400		105660		113400
229		114120		108900		114120		108900
230		114120		108900		114120		108900
231		114120		108900		114120		108900
232		116280		119700		116280		119700
233		116280		119700		116280		119700
234		116280		119700		116280		119700
235		124920		119700		124920		119700
236		124920		119700		124920		119700
237		124920		119700		124920		119700
238		123840		119700		123840		119700
239		123840		119700		123840		119700
240		123840		119700		123840		119700
241		120420		115200		120420		115200
242		120420		115200		120420		115200
243		120420		115200		120420		115200
244		109620		115200		109620		115200
245		109620		115200		109620		115200
246		109620		115200		109620		115200
247		109620		115200		109620		115200
248		109620		115200		109620		115200
249		109620		115200		109620		115200
250		111780		115200		111780		115200
251		111780		115200		111780		115200
252		111780		115200		111780		115200
253		129960		122400		129960		122400
254		129960		122400		129960		122400
255		129960		122400		129960		122400
256		128880		122400		128880		122400
257		128880		122400		128880		122400
258		128880		122400		128880		122400
259		129960		122400		129960		122400
260		129960		122400		129960		122400
261		129960		122400		129960		122400
262		119160		122400		119160		122400
263		119160		122400		119160		122400
264		119160		122400		119160		122400
265		114660		117900		114660		117900
266		114660		117900		114660		117900
267		114660		117900		114660		117900
268		102780		117900		102780		117900
269		102780		117900		102780		117900
270		102780		117900		102780		117900
271		125460		117900		125460		117900
272		125460		117900		125460		117900
273		125460		117900		125460		117900
274		131940		124200		131940		124200
275		131940		124200		131940		124200
276		131940		124200		131940		124200
277		128520		119700		128520		119700
278		128520		119700		128520		119700
279		128520		119700		128520		119700
280		117720		119700		117720		119700
281		117720		119700		117720		119700
282		117720		119700		117720		119700
283		117720		119700		117720		119700
284		117720		119700		117720		119700
285		117720		119700		117720		119700
286		105840		119700		105840		119700
287		105840		119700		105840		119700
288		105840		119700		105840		119700
289		116460		115200		116460		115200
290		116460		115200		116460		115200
291		116460		115200		116460		115200
292		122940		115200		122940		115200
293		122940		115200		122940		115200
294		122940		115200		122940		115200
295		138060		126900		138060		126900
296		138060		126900		138060		126900
297		138060		126900		138060		126900
298		127260		126900		127260		126900
299		127260		126900		127260		126900
300		127260		126900		127260		126900
301		122760		122400		122760		122400
302		122760		122400		122760		122400
303		122760		122400		122760		122400
304		110880		122400		110880		122400
305		110880		122400		110880		122400
306		110880		122400		110880		122400
307		126000		122400		126000		122400
308		126000		122400		126000		122400
309		126000		122400		126000		122400
310		118440		122400		118440		122400
311		118440		122400		118440		122400
312		118440		122400		118440		122400
313		133560		122400		133560		122400
314		133560		122400		133560		122400
315		133560		122400		133560		122400
316		130320		128700		130320		128700
317		130320		128700		130320		128700
318		130320		128700		130320		128700
319		130320		128700		130320		128700
320		130320		128700		130320		128700
321		130320		128700		130320		128700
322		118440		128700		118440		128700
323		118440		128700		118440		128700
324		118440		128700		118440		128700
325		133560		128700		133560		128700
326		133560		128700		133560		128700
327		133560		128700		133560		128700
328		126000		128700		126000		128700
329		126000		128700		126000		128700
330		126000		128700		126000		128700
331		133560		128700		133560		128700
332		133560		128700		133560		128700
333		133560		128700		133560		128700
334		130320		128700		130320		128700
335		130320		128700		130320		128700
336		130320		128700		130320		128700
337		133560		131400		133560		131400
338		133560		131400		133560		131400
339		133560		131400		133560		131400
340		121680		131400		121680		131400
341		121680		131400		121680		131400
342		121680		131400		121680		131400
343		136800		131400		136800		131400
344		136800		131400		136800		131400
345		136800		131400		136800		131400
346		129240		131400		129240		131400
347		129240		131400		129240		131400
348		129240		131400		129240		131400
349		136800		131400		136800		131400
350		136800		131400		136800		131400
351		136800		131400		136800		131400
352		130320		131400		130320		131400
353		130320		131400		130320		131400
354		130320		131400		130320		131400
355		133560		131400		133560		131400
356		133560		131400		133560		131400
357		133560		131400		133560		131400
358		123840		133200		123840		133200
359		123840		133200		123840		133200
360		123840		133200		123840		133200
361		138960		133200		138960		133200
362		138960		133200		138960		133200
363		138960		133200		138960		133200
364		131400		133200		131400		133200
365		131400		133200		131400		133200
366		131400		133200		131400		133200
367		138960		133200		138960		133200
368		138960		133200		138960		133200
369		138960		133200		138960		133200
370		132480		133200		132480		133200
371		132480		133200		132480		133200
372		132480		133200		132480		133200
373		133560		133200		133560		133200
374		133560		133200		133560		133200
375		133560		133200		133560		133200
376		123840		133200		123840		133200
377		123840		133200		123840		133200
378		123840		133200		123840		133200
379		142200		135900		142200		135900
380		142200		135900		142200		135900
381		142200		135900		142200		135900
382		134640		135900		134640		135900
383		134640		135900		134640		135900
384		134640		135900		134640		135900
385		142200		135900		142200		135900
386		142200		135900		142200		135900
387		142200		135900		142200		135900
388		135720		135900		135720		135900
389		135720		135900		135720		135900
390		135720		135900		135720		135900
391		136800		135900		136800		135900
392		136800		135900		136800		135900
393		136800		135900		136800		135900
394		123840		135900		123840		135900
395		123840		135900		123840		135900
396		123840		135900		123840		135900
397		142200		135900		142200		135900
398		142200		135900		142200		135900
399		142200		135900		142200		135900
400		136800		137700		136800		137700
401		136800		137700		136800		137700
402		136800		137700		136800		137700
403		144360		137700		144360		137700
404		144360		137700		144360		137700
405		144360		137700		144360		137700
406		137880		137700		137880		137700
407		137880		137700		137880		137700
408		137880		137700		137880		137700
409		138960		137700		138960		137700
410		138960		137700		138960		137700
411		138960		137700		138960		137700
412		126000		137700		126000		137700
413		126000		137700		126000		137700
414		126000		137700		126000		137700
415		142200		137700		142200		137700
416		142200		137700		142200		137700
417		142200		137700		142200		137700
418		136800		137700		136800		137700
419		136800		137700		136800		137700
420		136800		137700		136800		137700
421		147960		140580		147960		140580
422		147960		140580		147960		140580
423		147960		140580		147960		140580
424		141480		140580		141480		140580
425		141480		140580		141480		140580
426		141480		140580		141480		140580
427		142560		140580		142560		140580
428		142560		140580		142560		140580
429		142560		140580		142560		140580
430		129600		140580		129600		140580
431		129600		140580		129600		140580
432		129600		140580		129600		140580
433		142200		140580		142200		140580
434		142200		140580		142200		140580
435		142200		140580		142200		140580
436		140400		140580		140400		140580
437		140400		140580		140400		140580
438		140400		140580		140400		140580
439		147960		140580		147960		140580
440		147960		140580		147960		140580
441		147960		140580		147960		140580
442		144630		143100		144630		143100
443		144630		143100		144630		143100
444		144630		143100		144630		143100
445		145710		143100		145710		143100
446		145710		143100		145710		143100
447		145710		143100		145710		143100
448		129150		143100		129150		143100
449		129150		143100		129150		143100
450		129150		143100		129150		143100
451		148950		143100		148950		143100
452		148950		143100		148950		143100
453		148950		143100		148950		143100
454		140400		143100		140400		143100
455		140400		143100		140400		143100
456		140400		143100		140400		143100
457		151110		143100		151110		143100
458		151110		143100		151110		143100
459		151110		143100		151110		143100
460		144630		143100		144630		143100
461		144630		143100		144630		143100
462		144630		143100		144630		143100
463		145260		145620		145260		145620
464		145260		145620		145260		145620
465		145260		145620		145260		145620
466		135900		145620		135900		145620
467		135900		145620		135900		145620
468		135900		145620		135900		145620
469		148950		145620		148950		145620
470		148950		145620		148950		145620
471		148950		145620		148950		145620
472		146700		145620		146700		145620
473		146700		145620		146700		145620
474		146700		145620		146700		145620
475		151110		145620		151110		145620
476		151110		145620		151110		145620
477		151110		145620		151110		145620
478		144180		145620		144180		145620
479		144180		145620		144180		145620
480		144180		145620		144180		145620
481		148860		145620		148860		145620
482		148860		145620		148860		145620
483		148860		145620		148860		145620
484		135900		148140		135900		148140
485		135900		148140		135900		148140
486		135900		148140		135900		148140
487		155250		148140		155250		148140
488		155250		148140		155250		148140
489		155250		148140		155250		148140
490		146700		148140		146700		148140
491		146700		148140		146700		148140
492		146700		148140		146700		148140
493		153810		148140		153810		148140
494		153810		148140		153810		148140
495		153810		148140		153810		148140
496		147780		148140		147780		148140
497		147780		148140		147780		148140
498		147780		148140		147780		148140
499		148860		148140		148860		148140
500		148860		148140		148860		148140
501		148860		148140		148860		148140
502		139050		148140		139050		148140
503		139050		148140		139050		148140
504		139050		148140		139050		148140
505		155250		150660		155250		150660
506		155250		150660		155250		150660
507		155250		150660		155250		150660
508		149400		150660		149400		150660
509		149400		150660		149400		150660
510		149400		150660		149400		150660
511		157410		150660		157410		150660
512		157410		150660		157410		150660
513		157410		150660		157410		150660
514		150930		150660		150930		150660
515		150930		150660		150930		150660
516		150930		150660		150930		150660
517		152010		150660		152010		150660
518		152010		150660		152010		150660
519		152010		150660		152010		150660
520		139050		150660		139050		150660
521		139050		150660		139050		150660
522		139050		150660		139050		150660
523		154800		150660		154800		150660
524		154800		150660		154800		150660
525		154800		150660		154800		150660
526		153000		153180		153000		153180
527		153000		153180		153000		153180
528		153000		153180		153000		153180
529		160560		153180		160560		153180
530		160560		153180		160560		153180
531		160560		153180		160560		153180
532		154080		153180		154080		153180
533		154080		153180		154080		153180
534		154080		153180		154080		153180
535		155160		153180		155160		153180
536		155160		153180		155160		153180
537		155160		153180		155160		153180
538		138600		153180		138600		153180
539		138600		153180		138600		153180
540		138600		153180		138600		153180
541		158400		153180		158400		153180
542		158400		153180		158400		153180
543		158400		153180		158400		153180
544		153000		153180		153000		153180
545		153000		153180		153000		153180
546		153000		153180		153000		153180
547		164160		156060		164160		156060
548		164160		156060		164160		156060
549		164160		156060		164160		156060
550		157680		156060		157680		156060
551		157680		156060		157680		156060
552		157680		156060		157680		156060
553		150660		151560		150660		151560
554		150660		151560		150660		151560
555		150660		151560		150660		151560
556		141300		151560		141300		151560
557		141300		151560		141300		151560
558		141300		151560		141300		151560
559		153900		151560		153900		151560
560		153900		151560		153900		151560
561		153900		151560		153900		151560
562		152100		151560		152100		151560
563		152100		151560		152100		151560
564		152100		151560		152100		151560
565		155160		147060		155160		147060
566		155160		147060		155160		147060
567		155160		147060		155160		147060
568		159930		158940		159930		158940
569		159930		158940		159930		158940
570		159930		158940		159930		158940
571		164610		158940		164610		158940
572		164610		158940		164610		158940
573		164610		158940		164610		158940
574		148050		158940		148050		158940
575		148050		158940		148050		158940
576		148050		158940		148050		158940
577		163350		154440		163350		154440
578		163350		154440		163350		154440
579		163350		154440		163350		154440
580		143100		154440		143100		154440
581		143100		154440		143100		154440
582		143100		154440		143100		154440
583		161910		154440		161910		154440
584		161910		154440		161910		154440
585		161910		154440		161910		154440
586		159030		154440		159030		154440
587		159030		154440		159030		154440
588		159030		154440		159030		154440
589		166410		161460		166410		161460
590		166410		161460		166410		161460
591		166410		161460		166410		161460
592		157050		161460		157050		161460
593		157050		161460		157050		161460
594		157050		161460		157050		161460
595		158400		161460		158400		161460
596		158400		161460		158400		161460
597		158400		161460		158400		161460
598		164250		161460		164250		161460
599		164250		161460		164250		161460
600		164250		161460		164250		161460
601		156510		156960		156510		156960
602		156510		156960		156510		156960
603		156510		156960		156510		156960
604		160830		156960		160830		156960
605		160830		156960		160830		156960
606		160830		156960		160830		156960
607		165510		156960		165510		156960
608		165510		156960		165510		156960
609		165510		156960		165510		156960
610		147150		164520		147150		164520
611		147150		164520		147150		164520
612		147150		164520		147150		164520
613		170100		160020		170100		160020
614		170100		160020		170100		160020
615		170100		160020		170100		160020
616		153900		160020		153900		160020
617		153900		160020		153900		160020
618		153900		160020		153900		160020
619		172260		160020		172260		160020
620		172260		160020		172260		160020
621		172260		160020		172260		160020
622		159930		160020		159930		160020
623		159930		160020		159930		160020
624		159930		160020		159930		160020
625		151110		155520		151110		155520
626		151110		155520		151110		155520
627		151110		155520		151110		155520
628		149400		155520		149400		155520
629		149400		155520		149400		155520
630		149400		155520		149400		155520
631		169650		167400		169650		167400
632		169650		167400		169650		167400
633		169650		167400		169650		167400
634		175050		167400		175050		167400
635		175050		167400		175050		167400
636		175050		167400		175050		167400
637		172260		162900		172260		162900
638		172260		162900		172260		162900
639		172260		162900		172260		162900
640		160380		162900		160380		162900
641		160380		162900		160380		162900
642		160380		162900		160380		162900
643		157860		162900		157860		162900
644		157860		162900		157860		162900
645		157860		162900		157860		162900
646		148950		162900		148950		162900
647		148950		162900		148950		162900
648		148950		162900		148950		162900
649		171450		158400		171450		158400
650		171450		158400		171450		158400
651		171450		158400		171450		158400
652		175050		170280		175050		170280
653		175050		170280		175050		170280
654		175050		170280		175050		170280
655		177210		170280		177210		170280
656		177210		170280		177210		170280
657		177210		170280		177210		170280
658		167130		170280		167130		170280
659		167130		170280		167130		170280
660		167130		170280		167130		170280
661		167760		165780		167760		165780
662		167760		165780		167760		165780
663		167760		165780		167760		165780
664		150750		165780		150750		165780
665		150750		165780		150750		165780
666		150750		165780		150750		165780
667		175950		165780		175950		165780
668		175950		165780		175950		165780
669		175950		165780		175950		165780
670		165150		165780		165150		165780
671		165150		165780		165150		165780
672		165150		165780		165150		165780
673		178560		173340		178560		173340
674		178560		173340		178560		173340
675		178560		173340		178560		173340
676		176130		173340		176130		173340
677		176130		173340		176130		173340
678		176130		173340		176130		173340
679		173160		173340		173160		173340
680		173160		173340		173160		173340
681		173160		173340		173160		173340
682		169200		173340		169200		173340
683		169200		173340		169200		173340
684		169200		173340		169200		173340
685		170550		173340		170550		173340
686		170550		173340		170550		173340
687		170550		173340		170550		173340
688		171000		173340		171000		173340
689		171000		173340		171000		173340
690		171000		173340		171000		173340
691		182610		173340		182610		173340
692		182610		173340		182610		173340
693		182610		173340		182610		173340
694		175680		176220		175680		176220
695		175680		176220		175680		176220
696		175680		176220		175680		176220
697		185760		176220		185760		176220
698		185760		176220		185760		176220
699		185760		176220		185760		176220
700		157950		176220		157950		176220
701		157950		176220		157950		176220
702		157950		176220		157950		176220
703		180000		176220		180000		176220
704		180000		176220		180000		176220
705		180000		176220		180000		176220
706		175050		176220		175050		176220
707		175050		176220		175050		176220
708		175050		176220		175050		176220
709		182160		176220		182160		176220
710		182160		176220		182160		176220
711		182160		176220		182160		176220
712		184680		176220		184680		176220
713		184680		176220		184680		176220
714		184680		176220		184680		176220
715		174960		179460		174960		179460
716		174960		179460		174960		179460
717		174960		179460		174960		179460
718		167850		179460		167850		179460
719		167850		179460		167850		179460
720		167850		179460		167850		179460
721		184500		179460		184500		179460
722		184500		179460		184500		179460
723		184500		179460		184500		179460
724		178650		179460		178650		179460
725		178650		179460		178650		179460
726		178650		179460		178650		179460
727		191160		179460		191160		179460
728		191160		179460		191160		179460
729		191160		179460		191160		179460
730		173880		179460		173880		179460
731		173880		179460		173880		179460
732		173880		179460		173880		179460
733		180810		179460		180810		179460
734		180810		179460		180810		179460
735		180810		179460		180810		179460
736		172350		182700		172350		182700
737		172350		182700		172350		182700
738		172350		182700		172350		182700
739		188100		182700		188100		182700
740		188100		182700		188100		182700
741		188100		182700		188100		182700
742		187650		182700		187650		182700
743		187650		182700		187650		182700
744		187650		182700		187650		182700
745		184410		182700		184410		182700
746		184410		182700		184410		182700
747		184410		182700		184410		182700
748		179730		182700		179730		182700
749		179730		182700		179730		182700
750		179730		182700		179730		182700
751		185310		182700		185310		182700
752		185310		182700		185310		182700
753		185310		182700		185310		182700
754		171900		182700		171900		182700
755		171900		182700		171900		182700
756		171900		182700		171900		182700
757		197100		185940		197100		185940
758		197100		185940		197100		185940
759		197100		185940		197100		185940
760		180900		185940		180900		185940
761		180900		185940		180900		185940
762		180900		185940		180900		185940
763		190260		185940		190260		185940
764		190260		185940		190260		185940
765		190260		185940		190260		185940
766		188280		185940		188280		185940
767		188280		185940		188280		185940
768		188280		185940		188280		185940
769		184860		185940		184860		185940
770		184860		185940		184860		185940
771		184860		185940		184860		185940
772		180900		185940		180900		185940
773		180900		185940		180900		185940
774		180900		185940		180900		185940
775		186300		185940		186300		185940
776		186300		185940		186300		185940
777		186300		185940		186300		185940
778		186750		189180		186750		189180
779		186750		189180		186750		189180
780		186750		189180		186750		189180
781		198810		189180		198810		189180
782		198810		189180		198810		189180
783		198810		189180		198810		189180
784		187830		189180		187830		189180
785		187830		189180		187830		189180
786		187830		189180		187830		189180
787		197910		189180		197910		189180
788		197910		189180		197910		189180
789		197910		189180		197910		189180
790		170100		189180		170100		189180
791		170100		189180		170100		189180
792		170100		189180		170100		189180
793		192150		189180		192150		189180
794		192150		189180		192150		189180
795		192150		189180		192150		189180
796		191250		189180		191250		189180
797		191250		189180		191250		189180
798		191250		189180		191250		189180
799		198360		192420		198360		192420
800		198360		192420		198360		192420
801		198360		192420		198360		192420
802		200880		192420		200880		192420
803		200880		192420		200880		192420
804		200880		192420		200880		192420
805		187110		192420		187110		192420
806		187110		192420		187110		192420
807		187110		192420		187110		192420
808		180000		192420		180000		192420
809		180000		192420		180000		192420
810		180000		192420		180000		192420
811		196650		192420		196650		192420
812		196650		192420		196650		192420
813		196650		192420		196650		192420
814		190800		192420		190800		192420
815		190800		192420		190800		192420
816		190800		192420		190800		192420
817		207360		192420		207360		192420
818		207360		192420		207360		192420
819		207360		192420		207360		192420
820		190530		196020		190530		196020
821		190530		196020		190530		196020
822		190530		196020		190530		196020
823		197460		196020		197460		196020
824		197460		196020		197460		196020
825		197460		196020		197460		196020
826		184950		196020		184950		196020
827		184950		196020		184950		196020
828		184950		196020		184950		196020
829		200700		196020		200700		196020
830		200700		196020		200700		196020
831		200700		196020		200700		196020
832		199800		196020		199800		196020
833		199800		196020		199800		196020
834		199800		196020		199800		196020
835		197010		196020		197010		196020
836		197010		196020		197010		196020
837		197010		196020		197010		196020
838		196380		196020		196380		196020
839		196380		196020		196380		196020
840		196380		196020		196380		196020
841		201960		199260		201960		199260
842		201960		199260		201960		199260
843		201960		199260		201960		199260
844		188550		199260		188550		199260
845		188550		199260		188550		199260
846		188550		199260		188550		199260
847		209250		199260		209250		199260
848		209250		199260		209250		199260
849		209250		199260		209250		199260
850		193500		199260		193500		199260
851		193500		199260		193500		199260
852		193500		199260		193500		199260
853		202860		199260		202860		199260
854		202860		199260		202860		199260
855		202860		199260		202860		199260
856		200880		199260		200880		199260
857		200880		199260		200880		199260
858		200880		199260		200880		199260
859		201510		199260		201510		199260
860		201510		199260		201510		199260
861		201510		199260		201510		199260
862		197550		202860		197550		202860
863		197550		202860		197550		202860
864		197550		202860		197550		202860
865		203400		202860		203400		202860
866		203400		202860		203400		202860
867		203400		202860		203400		202860
868		199800		202860		199800		202860
869		199800		202860		199800		202860
870		199800		202860		199800		202860
871		211860		202860		211860		202860
872		211860		202860		211860		202860
873		211860		202860		211860		202860
874		200430		202860		200430		202860
875		200430		202860		200430		202860
876		200430		202860		200430		202860
877		210510		202860		210510		202860
878		210510		202860		210510		202860
879		210510		202860		210510		202860
880		187200		202860		187200		202860
881		187200		202860		187200		202860
882		187200		202860		187200		202860
883		209700		206460		209700		206460
884		209700		206460		209700		206460
885		209700		206460		209700		206460
886		208800		206460		208800		206460
887		208800		206460		208800		206460
888		208800		206460		208800		206460
889		211410		206460		211410		206460
890		211410		206460		211410		206460
891		211410		206460		211410		206460
892		213930		206460		213930		206460
893		213930		206460		213930		206460
894		213930		206460		213930		206460
895		200160		206460		200160		206460
896		200160		206460		200160		206460
897		200160		206460		200160		206460
898		193500		206460		193500		206460
899		193500		206460		193500		206460
900		193500		206460		193500		206460
901		214200		206460		214200		206460
902		214200		206460		214200		206460
903		214200		206460		214200		206460
904		208350		210060		208350		210060
905		208350		210060		208350		210060
906		208350		210060		208350		210060
907		224910		210060		224910		210060
908		224910		210060		224910		210060
909		224910		210060		224910		210060
910		203580		210060		203580		210060
911		203580		210060		203580		210060
912		203580		210060		203580		210060
913		210960		210060		210960		210060
914		210960		210060		210960		210060
915		210960		210060		210960		210060
916		198000		210060		198000		210060
917		198000		210060		198000		210060
918		198000		210060		198000		210060
919		213750		210060		213750		210060
920		213750		210060		213750		210060
921		213750		210060		213750		210060
922		217350		210060		217350		210060
923		217350		210060		217350		210060
924		217350		210060		217350		210060
925		214560		213660		214560		213660
926		214560		213660		214560		213660
927		214560		213660		214560		213660
928		214380		213660		214380		213660
929		214380		213660		214380		213660
930		214380		213660		214380		213660
931		215460		213660		215460		213660
932		215460		213660		215460		213660
933		215460		213660		215460		213660
934		202050		213660		202050		213660
935		202050		213660		202050		213660
936		202050		213660		202050		213660
937		222750		213660		222750		213660
938		222750		213660		222750		213660
939		222750		213660		222750		213660
940		207000		213660		207000		213660
941		207000		213660		207000		213660
942		207000		213660		207000		213660
943		220860		213660		220860		213660
944		220860		213660		220860		213660
945		220860		213660		220860		213660
946		219330		217620		219330		217620
947		219330		217620		219330		217620
948		219330		217620		219330		217620
949		219960		217620		219960		217620
950		219960		217620		219960		217620
951		219960		217620		219960		217620
952		211500		217620		211500		217620
953		211500		217620		211500		217620
954		211500		217620		211500		217620
955		217350		217620		217350		217620
956		217350		217620		217350		217620
957		217350		217620		217350		217620
958		213300		217620		213300		217620
959		213300		217620		213300		217620
960		213300		217620		213300		217620
961		215010		208620		215010		208620
962		215010		208620		215010		208620
963		215010		208620		215010		208620
964		208080		208620		208080		208620
965		208080		208620		208080		208620
966		208080		208620		208080		208620
967		229410		221220		229410		221220
968		229410		221220		229410		221220
969		229410		221220		229410		221220
970		216900		221220		216900		221220
971		216900		221220		216900		221220
972		216900		221220		216900		221220
973		223650		221220		223650		221220
974		223650		221220		223650		221220
975		223650		221220		223650		221220
976		223200		221220		223200		221220
977		223200		221220		223200		221220
978		223200		221220		223200		221220
979		214560		221220		214560		221220
980		214560		221220		214560		221220
981		214560		221220		214560		221220
982		226170		219420		226170		219420
983		226170		219420		226170		219420
984		226170		219420		226170		219420
985		216900		219420		216900		219420
986		216900		219420		216900		219420
987		216900		219420		216900		219420
988		223290		225180		223290		225180
989		223290		225180		223290		225180
990		223290		225180		223290		225180
991		235800		225180		235800		225180
992		235800		225180		235800		225180
993		235800		225180		235800		225180
994		212040		225180		212040		225180
995		212040		225180		212040		225180
996		212040		225180		212040		225180
997		239850		225180		239850		225180
998		239850		225180		239850		225180
999		239850		225180		239850		225180
1000		215820		225180		215820		225180
1001		215820		225180		215820		225180
1002		215820		225180		215820		225180
1003		223290		223380		223290		223380
1004		223290		223380		223290		223380
1005		223290		223380		223290		223380
1006		226080		223380		226080		223380
1007		226080		223380		226080		223380
1008		226080		223380		226080		223380
1009		224640		229140		224640		229140
1010		224640		229140		224640		229140
1011		224640		229140		224640		229140
1012		239490		229140		239490		229140
1013		239490		229140		239490		229140
1014		239490		229140		239490		229140
1015		227340		229140		227340		229140
1016		227340		229140		227340		229140
1017		227340		229140		227340		229140
1018		229410		229140		229410		229140
1019		229410		229140		229410		229140
1020		229410		229140		229410		229140
1021		228240		229140		228240		229140
1022		228240		229140		228240		229140
1023		228240		229140		228240		229140
1024		214920		227340		214920		227340
1025		214920		227340		214920		227340
1026		214920		227340		214920		227340
1027		242730		227340		242730		227340
1028		242730		227340		242730		227340
1029		242730		227340		242730		227340
1030		227430		233460		227430		233460
1031		227430		233460		227430		233460
1032		227430		233460		227430		233460
1033		243540		233460		243540		233460
1034		243540		233460		243540		233460
1035		243540		233460		243540		233460
1036		232650		233460		232650		233460
1037		232650		233460		232650		233460
1038		232650		233460		232650		233460
1039		224730		233460		224730		233460
1040		224730		233460		224730		233460
1041		224730		233460		224730		233460
1042		235170		233460		235170		233460
1043		235170		233460		235170		233460
1044		235170		233460		235170		233460
1045		230670		231660		230670		231660
1046		230670		231660		230670		231660
1047		230670		231660		230670		231660
1048		233820		231660		233820		231660
1049		233820		231660		233820		231660
1050		233820		231660		233820		231660
1051		246330		237420		246330		237420
1052		246330		237420		246330		237420
1053		246330		237420		246330		237420
1054		230850		237420		230850		237420
1055		230850		237420		230850		237420
1056		230850		237420		230850		237420
1057		242370		237420		242370		237420
1058		242370		237420		242370		237420
1059		242370		237420		242370		237420
1060		230310		237420		230310		237420
1061		230310		237420		230310		237420
1062		230310		237420		230310		237420
1063		239220		237420		239220		237420
1064		239220		237420		239220		237420
1065		239220		237420		239220		237420
1066		236610		235620		236610		235620
1067		236610		235620		236610		235620
1068		236610		235620		236610		235620
1069		235170		235620		235170		235620
1070		235170		235620		235170		235620
1071		235170		235620		235170		235620
1072		248940		241740		248940		241740
1073		248940		241740		248940		241740
1074		248940		241740		248940		241740
1075		240120		241740		240120		241740
1076		240120		241740		240120		241740
1077		240120		241740		240120		241740
1078		237150		241740		237150		241740
1079		237150		241740		237150		241740
1080		237150		241740		237150		241740
1081		249660		241740		249660		241740
1082		249660		241740		249660		241740
1083		249660		241740		249660		241740
1084		227610		241740		227610		241740
1085		227610		241740		227610		241740
1086		227610		241740		227610		241740
1087		253260		239940		253260		239940
1088		253260		239940		253260		239940
1089		253260		239940		253260		239940
1090		236880		239940		236880		239940
1091		236880		239940		236880		239940
1092		236880		239940		236880		239940
1093		246510		245700		246510		245700
1094		246510		245700		246510		245700
1095		246510		245700		246510		245700
1096		249300		245700		249300		245700
1097		249300		245700		249300		245700
1098		249300		245700		249300		245700
1099		238050		245700		238050		245700
1100		238050		245700		238050		245700
1101		238050		245700		238050		245700
1102		252900		245700		252900		245700
1103		252900		245700		252900		245700
1104		252900		245700		252900		245700
1105		243360		245700		243360		245700
1106		243360		245700		243360		245700
1107		243360		245700		243360		245700
1108		243270		243900		243270		243900
1109		243270		243900		243270		243900
1110		243270		243900		243270		243900
1111		249300		243900		249300		243900
1112		249300		243900		249300		243900
1113		249300		243900		249300		243900
1114		238140		250020		238140		250020
1115		238140		250020		238140		250020
1116		238140		250020		238140		250020
1117		265950		250020		265950		250020
1118		265950		250020		265950		250020
1119		265950		250020		265950		250020
1120		241290		250020		241290		250020
1121		241290		250020		241290		250020
1122		241290		250020		241290		250020
1123		257400		250020		257400		250020
1124		257400		250020		257400		250020
1125		257400		250020		257400		250020
1126		248220		250020		248220		250020
1127		248220		250020		248220		250020
1128		248220		250020		248220		250020
1129		237060		247320		237060		247320
1130		237060		247320		237060		247320
1131		237060		247320		237060		247320
1132		255150		247320		255150		247320
1133		255150		247320		255150		247320
1134		255150		247320		255150		247320
1135		254610		254520		254610		254520
1136		254610		254520		254610		254520
1137		254610		254520		254610		254520
1138		258840		254520		258840		254520
1139		258840		254520		258840		254520
1140		258840		254520		258840		254520
1141		260460		254520		260460		254520
1142		260460		254520		260460		254520
1143		260460		254520		260460		254520
1144		244980		254520		244980		254520
1145		244980		254520		244980		254520
1146		244980		254520		244980		254520
1147		257310		254520		257310		254520
1148		257310		254520		257310		254520
1149		257310		254520		257310		254520
1150		244890		252720		244890		252720
1151		244890		252720		244890		252720
1152		244890		252720		244890		252720
1153		261000		252720		261000		252720
1154		261000		252720		261000		252720
1155		261000		252720		261000		252720
1156		262080		259200		262080		259200
1157		262080		259200		262080		259200
1158		262080		259200		262080		259200
1159		259560		259200		259560		259200
1160		259560		259200		259560		259200
1161		259560		259200		259560		259200
1162		262170		259200		262170		259200
1163		262170		259200		262170		259200
1164		262170		259200		262170		259200
1165		255150		259200		255150		259200
1166		255150		259200		255150		259200
1167		255150		259200		255150		259200
1168		253440		259200		253440		259200
1169		253440		259200		253440		259200
1170		253440		259200		253440		259200
1171		253440		248400		253440		248400
1172		253440		248400		253440		248400
1173		253440		248400		253440		248400
1174		240120		248400		240120		248400
1175		240120		248400		240120		248400
1176		240120		248400		240120		248400
1177		276750		263520		276750		263520
1178		276750		263520		276750		263520
1179		276750		263520		276750		263520
1180		272970		263520		272970		263520
1181		272970		263520		272970		263520
1182		272970		263520		272970		263520
1183		261540		263520		261540		263520
1184		261540		263520		261540		263520
1185		261540		263520		261540		263520
1186		264780		263520		264780		263520
1187		264780		263520		264780		263520
1188		264780		263520		264780		263520
1189		244440		263520		244440		263520
1190		244440		263520		244440		263520
1191		244440		263520		244440		263520
1192		257310		252720		257310		252720
1193		257310		252720		257310		252720
1194		257310		252720		257310		252720
1195		255690		252720		255690		252720
1196		255690		252720		255690		252720
1197		255690		252720		255690		252720
1198		279810		268200		279810		268200
1199		279810		268200		279810		268200
1200		279810		268200		279810		268200
1201		286290		268200		286290		268200
1202		286290		268200		286290		268200
1203		286290		268200		286290		268200
1204		243270		268200		243270		268200
1205		243270		268200		243270		268200
1206		243270		268200		243270		268200
1207		280980		268200		280980		268200
1208		280980		268200		280980		268200
1209		280980		268200		280980		268200
1210		249210		268200		249210		268200
1211		249210		268200		249210		268200
1212		249210		268200		249210		268200
1213		261450		256500		261450		256500
1214		261450		256500		261450		256500
1215		261450		256500		261450		256500
1216		271170		256500		271170		256500
1217		271170		256500		271170		256500
1218		271170		256500		271170		256500
1219		265050		273060		265050		273060
1220		265050		273060		265050		273060
1221		265050		273060		265050		273060
1222		294120		273060		294120		273060
1223		294120		273060		294120		273060
1224		294120		273060		294120		273060
1225		260190		273060		260190		273060
1226		260190		273060		260190		273060
1227		260190		273060		260190		273060
1228		275670		273060		275670		273060
1229		275670		273060		275670		273060
1230		275670		273060		275670		273060
1231		266850		273060		266850		273060
1232		266850		273060		266850		273060
1233		266850		273060		266850		273060
1234		256410		266760		256410		266760
1235		256410		266760		256410		266760
1236		256410		266760		256410		266760
1237		287640		266760		287640		266760
1238		287640		266760		287640		266760
1239		287640		266760		287640		266760
1240		273060		277920		264060		277920
1241		273060		277920		264060		277920
1242		273060		277920		264060		277920
1243		293940		277920		285390		277920
1244		293940		277920		285390		277920
1245		293940		277920		285390		277920
1246		266760		277920		258210		277368.4627465151
1247		266760		277920		258210		277368.4627465151
1248		266760		277920		258210		277368.4627465151
1249		266040		277920		248490		277093.455239957
1250		266040		277920		248490		277093.455239957
1251		266040		277920		248490		277093.455239957
1252		286560		277920		283860		276829.4480336613
1253		286560		277920		283860		276829.4480336613
1254		286560		277920		283860		276829.4480336613
1255		260100		266220		243000		264876.00111561734
1256		260100		266220		243000		264876.00111561734
1257		260100		266220		243000		264876.00111561734
1258		278820		266220		270720		264632.69207429513
1259		278820		266220		270720		264632.69207429513
1260		278820		266220		270720		264632.69207429513
1261		267300		278771.52968999173		265950		264953.1072791661
1262		267300		278689.8169232623		265950		264953.1072791661
1263		277650		278609.19366008934		265950		264953.1072791661
1264		272610		278596.88162207964		246060		265260.70587584225
1265		272610		278545.65321113705		246060		265260.70587584225
1266		272610		278495.1078456736		246060		265260.70587584225
1267		270000		278445.2364184164		274950		265169.08385026956
1268		270000		278396.0299435226		274950		265169.08385026956
1269		281250		278347.47955496074		274950		265169.08385026956
1270		266670		278299.576504913		242820		265552.51052831404
1271		266670		278252.31216219923		242820		265552.51052831404
1272		266670		278205.67801072163		242820		265552.51052831404
1273		272250		278159.66564793047		267750		265920.60013923666
1274		272250		278114.2667833098		267750		265920.60013923666
1275		282150		278069.4732368841		267750		265920.60013923666
1276		260910		271725.27693774406		254160		259973.96616572246
1277		260910		271681.6699225926		254160		259973.96616572246
1278		271260		271851.6429395736		254160		259973.96616572246
1279		266040		272019.3496496616		238140		260313.19755114877
1280		266040		272184.8202702817		238140		260313.19755114877
1281		254790		272348.0846159603		238140		260313.19755114877
1282		267300		272509.1721036965		279450		261277.85549738092
1283		267300		272668.11175826285		279450		261277.85549738092
1284		288900		272665.6702436153		279450		261277.85549738092
1285		277200		272829.8231690658		247500		262181.6144921828
1286		277200		272991.78738884366		247500		262181.6144921828
1287		256950		273151.5920856911		247500		262181.6144921828
1288		254610		273309.2660532473		266760		262457.13113777514
1289		254610		273464.8377012361		266760		262457.13113777514
1290		271260		273618.33506058494		266760		262457.13113777514
1291		270090		273769.7857884759		256140		263357.93147850403
1292		270090		273919.2171733283		256140		263357.93147850403
1293		279540		274066.656139716		256140		263357.93147850403
1294		272160		274212.1292532185		237060		264222.6998056038
1295		272160		274355.66272520757		237060		264222.6998056038
1296		253710		274497.28241757024		237060		264222.6998056038
1297		267300		271937.013847368		276300		262352.87739961955
1298		267300		272074.88219143514		276300		262352.87739961955
1299		292950		272450.5084678373		276300		262352.87739961955
1300		287010		272821.12639388745		250110		263149.8478898747
1301		287010		273186.80274759023		250110		263149.8478898747
1302		260010		273547.60341657704		250110		263149.8478898747
1303		260910		273903.5934099773		277110		264633.728091575
1304		260910		274221.1252103189		277110		264633.728091575
1305		278910		274363.33337228023		277110		264633.728091575
1306		276660		274702.90095076116		263610		265953.215079587
1307		276660		275035.5792619164		263610		265953.215079587
1308		282960		275363.8218622562		263610		265953.215079587
1309		270900		275687.68789459154		241200		266710.55597070046
1310		270900		276007.23571316234		241200		266710.55597070046
1311		248850		276322.52289415215		241200		266710.55597070046
1312		263520		276633.60624606215		278370		268035.3698019192
1313		263520		276940.5418199467		278370		268035.3698019192
1314		294120		277243.3849195128		278370		268035.3698019192
1315		287100		277542.19011108467		249750		269300.10598133854
1316		287100		277837.0112334356		249750		269300.10598133854
1317		259650		278127.90140748845		249750		269300.10598133854
1318		260550		276614.91304588737		279450		268714.2527135811
1319		260550		276898.09786244086		279450		268714.2527135811
1320		284400		277449.53599481715		279450		268714.2527135811
1321		285750		277993.62161876174		270000		269879.833576534
1322		285750		278487.7318113088		270000		269879.833576534
1323		291600		278799.00644085224		270000		269879.833576534
1324		281700		279036.541469868		250650		271632.97904470743
1325		281700		279270.9093651635		250650		271632.97904470743
1326		254700		279502.1523551885		250650		271632.97904470743
1327		270450		279908.3069606916		287550		272840.99304371426
1328		270450		280309.04617145465		287550		272840.99304371426
1329		301500		280704.44219274085		287550		272840.99304371426
1330		290160		281094.56626707665		252810		273791.9186666469
1331		290160		281479.4886870879		252810		273791.9186666469
1332		256860		281859.2788081657		252810		273791.9186666469
1333		258840		282234.00506096246		280890		275238.79183069797
1334		258840		282603.73496372194		280890		275238.79183069797
1335		287190		282968.53513444465		280890		275238.79183069797
1336		290700		283328.471302891		276300		276627.790068187
1337		290700		283683.6083224247		276300		276627.790068187
1338		299250		284034.010181698		276300		276627.790068187
1339		286110		281679.74001618096		254160		275234.83837788296
1340		286110		282020.86011953745		254160		275234.83837788296
1341		258660		282645.9896104977		254160		275234.83837788296
1342		274410		283262.7840415785		292860		276476.4461741834
1343		274410		283871.35454691143		292860		276476.4461741834
1344		308160		284471.81077884004		292860		276476.4461741834
1345		300060		285055.9807240176		260910		278521.4303882409
1346		300060		285390.97769251803		260910		278521.4303882409
1347		262260		285651.918762638		260910		278521.4303882409
1348		263160		286109.56948153017		285210		280110.15992516803
1349		263160		286559.8149245205		285210		280110.15992516803
1350		290610		287002.7712055051		285210		280110.15992516803
1351		289800		287439.6250336192		275850		281132.6501186273
1352		289800		287869.8370836672		275850		281132.6501186273
1353		301050		288293.5068068279		275850		281132.6501186273
1354		293310		288710.73218300956		257760		282025.188048453
1355		293310		289121.6097424029		257760		282025.188048453
1356		263160		289526.2345867223		257760		282025.188048453
1357		278910		289924.70041013666		296010		282896.74246316083
1358		278910		290317.09951989795		296010		282896.74246316083
1359		314010		290703.5228566684		296010		282896.74246316083
1360		303750		289284.06001455255		263700		281929.0507633265
1361		303750		289658.79926083866		263700		281929.0507633265
1362		264600		290347.08107531955		263700		281929.0507633265
1363		265500		291025.4808962639		288900		282746.4129616183
1364		265500		291544.5403424722		288900		282746.4129616183
1365		291600		291908.00207061216		288900		282746.4129616183
1366		292950		292234.49782096973		280800		284182.88089264464
1367		292950		292559.2794451201		280800		284182.88089264464
1368		308250		292882.33460940653		280800		284182.88089264464
1369		298350		293203.65161380335		261450		285103.7923416807
1370		298350		293523.21937721164		261450		285103.7923416807
1371		266850		293838.48729651235		261450		285103.7923416807
1372		282600		294152.1697776256		297000		285795.33108690416
1373		282600		294464.25305127294		297000		285795.33108690416
1374		319950		294774.72399721236		297000		285795.33108690416
1375		311850		295083.5701293787		266400		286505.36531231797
1376		311850		295390.77958130423		266400		286505.36531231797
1377		271350		295696.3410918163		266400		286505.36531231797
1378		272250		296000.24399100576		296100		287230.2413008514
1379		272250		296302.47818646155		296100		287230.2413008514
1380		291150		296603.03414976766		296100		287230.2413008514
1381		288900		294060.3029032579		280800		285174.50519217615
1382		288900		294395.36400702264		280800		285174.50519217615
1383		310950		295034.06113229634		280800		285174.50519217615
1384		301050		295423.1317744445		264150		286008.90009406913
1385		301050		295739.62444772106		264150		286008.90009406913
1386		266850		296057.8882173193		264150		286008.90009406913
1387		282600		296377.8195886396		298800		287139.854359251
1388		282600		296699.3175120771		298800		287139.854359251
1389		322650		297022.28333622054		298800		287139.854359251
1390		314550		297346.6207618645		267300		288028.193272401
1391		314550		297671.69811743096		267300		288028.193272401
1392		277200		297994.70923739776		267300		288028.193272401
1393		281700		298318.82942791656		296100		288846.42308245844
1394		281700		298643.93402197683		296100		288846.42308245844
1395		293850		298969.93914745003		296100		288846.42308245844
1396		291600		299296.7629937929		283050		289702.92451781564
1397		291600		299624.3257719824		283050		289702.92451781564
1398		317700		299952.5496751519		283050		289702.92451781564
1399		307800		300281.35883991927		272700		290588.3008139201
1400		307800		300610.6793083924		272700		290588.3008139201
1401		270900		300940.4389908432		272700		290588.3008139201
1402		283500		298784.16762903787		301050		289055.2993652665
1403		283500		299147.7487602131		301050		289055.2993652665
1404		326700		299726.61637335207		301050		289055.2993652665
1405		318600		300116.92088062223		270900		290066.2077719374
1406		318600		300471.74330825714		270900		290066.2077719374
1407		281250		300830.62985536986		270900		290066.2077719374
1408		285750		301193.4090658982		298800		291338.03951256734
1409		285750		301559.23196152697		298800		291338.03951256734
1410		293850		301925.14184960985		298800		291338.03951256734
1411		291600		302289.9614708274		282600		292362.0807777644
1412		291600		302653.65484831587		282600		292362.0807777644
1413		320850		303016.1871584198		282600		292362.0807777644
1414		314100		303380.3636103258		274950		293400.93119802413
1415		314100		303746.07591006404		274950		293400.93119802413
1416		274050		304113.2183592119		274950		293400.93119802413
1417		286650		304481.6878049319		305100		294482.11224502366
1418		286650		304851.38359087997		305100		294482.11224502366
1419		334350		305222.20750897087		305100		294482.11224502366
1420		326250		305594.0637519855		280350		295577.84719987656
1421		326250		305966.8588670071		280350		295577.84719987656
1422		288900		306340.50170967233		280350		295577.84719987656
1423		290250		304228.5033992236		303750		294256.0527212391
1424		290250		304636.7292743496		303750		294256.0527212391
1425		295200		305350.9455825989		303750		294256.0527212391
1426		292950		305817.8140279573		284400		295475.56012377347
1427		292950		306214.3089358398		284400		295475.56012377347
1428		324900		306615.48766012216		284400		295475.56012377347
1429		318150		307021.15481105004		279450		297036.7240888118
1430		318150		307431.11937658436		279450		297036.7240888118
1431		273600		307845.1946403974		279450		297036.7240888118
1432		286200		308263.0660373318		306900		298290.0450519531
1433		286200		308680.7088028223		306900		298290.0450519531
1434		337950		309096.9448411195		306900		298290.0450519531
1435		333000		309514.9303015502		283050		299515.35097599105
1436		333000		309934.5237490762		283050		299515.35097599105
1437		295650		310355.5874864019		283050		299515.35097599105
1438		297000		310778.0045794471		311850		300789.4932301009
1439		297000		311201.6510513606		311850		300789.4932301009
1440		299250		311626.40616449877		311850		300789.4932301009
1441		297000		312052.1523537701		292950		302088.6874510646
1442		297000		312478.7751612121		292950		302088.6874510646
1443		333450		312906.1631717801		292950		302088.6874510646
1444		323550		310847.8079503253		285300		300965.63809514587
1445		323550		311309.5559797425		285300		300965.63809514587
1446		274950		311986.8052919319		285300		300965.63809514587
1447		287550		312475.6714144258		310050		302349.4169391922
1448		287550		312929.20153695554		310050		302349.4169391922
1449		342900		313387.6622454864		310050		302349.4169391922
1450		337950		313850.8301874013		286200		303960.3913074084
1451		337950		314316.1012226214		286200		303960.3913074084
1452		300600		314780.9656259136		286200		303960.3913074084
1453		301950		315244.83923535683		316800		305291.7392594748
1454		301950		315707.70792232		316800		305291.7392594748
1455		299700		316169.5575498402		316800		305291.7392594748
1456		300600		316630.37398283917		294300		306608.9425048159
1457		300600		317090.1430979699		294300		306608.9425048159
1458		342000		317548.8102797099		294300		306608.9425048159
1459		332100		318006.3649337803		293400		307942.18985195376
1460		332100		318462.79638754815		293400		307942.18985195376
1461		279900		318918.0939014226		293400		307942.18985195376
1462		292500		319372.24667986284		319500		309266.1711493343
1463		292500		319825.24388200603		319500		309266.1711493343
1464		351000		320277.0746319255		319500		309266.1711493343
1465		342900		318241.3280285289		289350		308151.0819956051
1466		342900		318723.94515510416		289350		308151.0819956051
1467		308250		322604.0486219972		289350		308151.0819956051
1468		309600		322992.7348803377		325350		309533.77018201497
1469		309600		323381.58266533184		325350		309533.77018201497
1470		302400		323775.4326234456		325350		309533.77018201497
1471		303300		324170.2366764428		299250		314203.09401252295
1472		303300		324564.8245309197		299250		314203.09401252295
1473		351000		324959.22731737554		299250		314203.09401252295
1474		341100		325353.474100564		301500		315280.02261756547
1475		341100		325747.59194603155		301500		315280.02261756547
1476		285750		326141.6059850248		301500		315280.02261756547
1477		301500		326535.5394777956		325350		316353.7982719179
1478		301500		326929.40529970214		325350		316353.7982719179
1479		358200		327323.1713978876		325350		316353.7982719179
1480		350100		327716.85679096705		294300		317438.73688956746
1481		350100		328110.4782556148		294300		317438.73688956746
1482		316350		328504.05100710934		294300		317438.73688956746
1483		317700		328897.5887530331		336150		318522.7832733561
1484		317700		329291.1037456171		336150		318522.7832733561
1485		304200		329684.6068327592		336150		318522.7832733561
1486		301950		327591.7075077466		300150		317183.41852670733
1487		301950		328018.3659577078		300150		317183.41852670733
1488		358200		331418.8316992817		300150		317183.41852670733
1489		348300		331765.33013474		308250		318357.8103186043
1490		348300		332113.00747733563		308250		318357.8103186043
1491		292050		332465.28168986744		308250		318357.8103186043
1492		307800		332819.08401991596		330750		322421.4418358763
1493		307800		333173.82817612664		330750		322421.4418358763
1494		364500		333529.56642092107		330750		322421.4418358763
1495		356400		333886.3475852742		297900		323355.32507569005
1496		356400		334244.2063084205		297900		323355.32507569005
1497		324450		334603.12961038365		297900		323355.32507569005
1498		328950		334963.0859077208		342900		324300.2230116135
1499		328950		335324.0434642938		342900		324300.2230116135
1500		306900		335685.9704116979		342900		324300.2230116135
1501		304650		336048.8800477315		304200		325268.17973620124
1502		304650		336412.78376566904		304200		325268.17973620124
1503		365400		336777.6911210526		304200		325268.17973620124
1504		355500		337143.6098967955		318600		326246.4165995653
1505		355500		337510.5461666342		318600		326246.4165995653
1506		298350		337878.50435696647		318600		326246.4165995653
1507		310500		335405.8873071072		333450		324470.4309857817
1508		310500		335813.78432799986		333450		324470.4309857817
1509		369900		339196.438701204		333450		324470.4309857817
1510		361800		339526.0693800296		300600		325582.0172331255
1511		361800		339840		300600		325582.0172331255
1512		332100		339840		300600		325582.0172331255
1513		336600		340543.16636879876		348300		329595.4206854314
1514		336600		340886.5130057153		348300		329595.4206854314
1515		310050		341231.68023128994		348300		329595.4206854314
1516		307800		341578.71535853844		306900		330491.1908307473
1517		307800		341927.6620231172		306900		330491.1908307473
1518		373500		342278.56030086754		306900		330491.1908307473
1519		367200		342631.4447161736		324000		331409.4812572686
1520		367200		342986.28514067596		324000		331409.4812572686
1521		305550		343343.03305785405		324000		331409.4812572686
1522		317700		343701.69093663513		339750		332365.738764075
1523		317700		344062.25895722926		339750		332365.738764075
1524		371700		344424.73510125995		339750		332365.738764075
1525		363600		344789.11551223864		321300		333343.71497155953
1526		363600		345155.3944077453		321300		333343.71497155953
1527		338850		345523.56415677065		321300		333343.71497155953
1528		328500		334172.01535496436		342450		322936.4006658798
1529		328500		334700.224897836		342450		322936.4006658798
1530		297000		336960		342450		322936.4006658798
1531		294750		336960		299700		324411.144192161
1532		294750		336960		299700		324411.144192161
1533		368550		336960		299700		324411.144192161
1534		362250		340114.0331966622		319950		328782.91376736504
1535		362250		340570.19984730706		319950		328782.91376736504
1536		303750		341027.596430737		319950		328782.91376736504
1537		315900		341486.28162520693		334350		330032.2249630743
1538		315900		341946.27179222833		334350		330032.2249630743
1539		364950		342407.54304664803		334350		330032.2249630743
1540		371700		342870.0625047733		315000		331297.77487094863
1541		373050		343333.79749601794		315000		331297.77487094863
1542		352350		343798.71555992775		315000		331297.77487094863
1543		342000		344264.7844434095		351900		332589.78481198003
1544		342000		344731.9720981527		351900		332589.78481198003
1545		302400		345200.246032075		351900		332589.78481198003
1546		300150		345669.5740173501		321300		333893.81679788156
1547		300150		346139.92408563406		321300		333893.81679788156
1548		377550		346611.2645235382		321300		333893.81679788156
1549		356850		335717.16386833676		315450		324149.5131498077
1550		356850		336341.9429039024		315450		324149.5131498077
1551		298350		339939.83457864856		315450		324149.5131498077
1552		310500		340483.04889424		331200		325917.97497257456
1553		309150		341026.71778648667		331200		325917.97497257456
1554		355500		341625.0229264168		331200		325917.97497257456
1555		362250		342221.5499614639		311400		330572.9001264051
1556		367200		342816.32517594006		311400		330572.9001264051
1557		350550		343409.4517089114		311400		330572.9001264051
1558		340200		344000.96676000085		349650		332094.4215579822
1559		340200		344590.8883674054		349650		332094.4215579822
1560		297000		345179.23482532444		349650		332094.4215579822
1561		309150		345766.0246475987		316800		333621.24110641656
1562		309150		346351.2765328962		316800		333621.24110641656
1563		392400		346935.0093313964		316800		333621.24110641656
1564		371700		347517.24201292923		324900		335310.4060502713
1565		371700		348097.9934997474		324900		335310.4060502713
1566		311850		348677.28195058426		324900		335310.4060502713
1567		324000		349255.1255853912		349650		336983.5333617675
1568		319050		349831.54264876456		349650		336983.5333617675
1569		360000		350406.55138471327		349650		336983.5333617675
1570		357300		343520.97001261986		311400		331383.51368356455
1571		368550		344192.6727043569		311400		331383.51368356455
1572		355950		347835.93209764565		311400		331383.51368356455
1573		345600		348422.9976795453		353250		333317.00702160446
1574		345600		349009.04064948234		353250		333317.00702160446
1575		296550		349641.5049647463		353250		333317.00702160446
1576		308700		350271.0628506901		319050		338118.88200530224
1577		308700		350897.7718625186		319050		338118.88200530224
1578		397350		351521.7433023526		319050		338118.88200530224
1579		376650		352143.0380436482		328050		339770.74411717587
1580		376650		352761.7067972433		328050		339770.74411717587
1581		318150		353377.8004313842		328050		339770.74411717587
1582		339750		353991.36991489585		351000		341412.72413627256
1583		328500		354602.4660894929		351000		341412.72413627256
1584		365400		355211.13891197817		351000		341412.72413627256
1585		362700		355817.43716932816		320400		343183.4619180714
1586		376650		356421.40849185496		320400		343183.4619180714
1587		368100		357023.0993665195		320400		343183.4619180714
1588		357750		357622.55587254785		378900		344928.05470800144
1589		357750		358219.82365649164		378900		344928.05470800144
1590		303300		358814.9479086867		378900		344928.05470800144
1591		300600		347686.3733410637		315450		335243.2753377914
1592		301050		348433.63216626627		315450		335243.2753377914
1593		399150		352575.92379817506		315450		335243.2753377914
1594		378450		353224.42065588024		328500		337397.00201259775
1595		378450		353870.77658516285		328500		337397.00201259775
1596		319950		354562.46560705855		328500		337397.00201259775
1597		341550		355250.18950695946		349200		342818.64562322054
1598		327600		355933.7507472712		349200		342818.64562322054
1599		360450		356608.19783771207		349200		342818.64562322054
1600		357750		357284.8673536942		318150		344631.18674106325
1601		374850		357957.9907685108		318150		344631.18674106325
1602		370350		358627.6444007344		318150		344631.18674106325
1603		374850		359293.90430596867		376650		346424.4134812083
1604		374400		359956.8462217034		376650		346424.4134812083
1605		310500		360616.5455147794		376650		346424.4134812083
1606		307800		361273.0770977879		324900		348337.94479877315
1607		307800		361926.51440395747		324900		348337.94479877315
1608		411750		362576.92911359965		324900		348337.94479877315
1609		391050		363224.3919906664		356400		350217.7957446672
1610		391050		363868.9728584643		356400		350217.7957446672
1611		332550		364510.7405771308		356400		350217.7957446672
1612		339300		353428.16302716		345600		340661.5910859602
1613		329850		354220.79509174614		345600		340661.5910859602
1614		362700		362160		345600		340661.5910859602
1615		360000		362160		327150		342938.1896987082
1616		383850		362160		327150		342938.1896987082
1617		379350		362160		327150		342938.1896987082
1618		384300		371131.6085598758		386550		358812.9630469481
1619		385200		371557.4833899305		386550		358812.9630469481
1620		315450		371977.67988891783		386550		358812.9630469481
1621		312750		372442.5785781869		332100		359912.3310633024
1622		312750		372908.5541843048		332100		359912.3310633024
1623		425700		373375.6119650204		332100		359912.3310633024
1624		419850		373843.7580438606		366750		361038.28800433374
1625		412200		374312.99872366013		366750		361038.28800433374
1626		349650		374783.3398422636		366750		361038.28800433374
1627		356400		375254.78663520346		355050		362328.3874454498
1628		332550		375727.3437471304		355050		362328.3874454498
1629		361350		376201.0152430429		355050		362328.3874454498
1630		358200		376675.8046193232		342900		363626.66005020123
1631		395100		377151.71481458505		342900		363626.66005020123
1632		394650		377628.7482100328		342900		363626.66005020123
1633		390150		370647.70664110844		384300		357675.9558832315
1634		397800		371226.4474089064		384300		357675.9558832315
1635		319050		373320		384300		357675.9558832315
1636		316350		373320		340200		359282.7000771768
1637		316350		373320		340200		359282.7000771768
1638		429300		373320		340200		359282.7000771768
1639		427050		387062.3213346048		379350		374116.6069201754
1640		431100		387340.64820616983		379350		374116.6069201754
1641		372600		387360		379350		374116.6069201754
1642		379350		387360		367650		374661.8742840453
1643		341550		387360		367650		374661.8742840453
1644		366300		387360		367650		374661.8742840453
1645		372600		387360		353700		375269.9484550612
1646		409500		387360		353700		375269.9484550612
1647		409950		387360		353700		375269.9484550612
1648		405450		387360		389700		376076.4288875695
1649		413100		387360		389700		376076.4288875695
1650		334350		387360		389700		376076.4288875695
1651		328050		387360		344700		376923.4519810351
1652		324000		387360		344700		376923.4519810351
1653		437400		387360		344700		376923.4519810351
1654		431550		384480		381600		375044.8495337356
1655		437400		384480		381600		375044.8495337356
1656		378900		384480		381600		375044.8495337356
1657		385650		384480		376650		376087.0144826711
1658		341100		384480		376650		376087.0144826711
1659		364950		384480		376650		376087.0144826711
1660		371250		394200		364950		385849.10428730963
1661		420300		394200		364950		385849.10428730963
1662		420750		394200		364950		385849.10428730963
1663		416250		394200		401400		386271.20478836884
1664		423900		394200		401400		386271.20478836884
1665		344700		394200		401400		386271.20478836884
1666		342000		394200		351450		386768.9352121316
1667		336150		394200		351450		386768.9352121316
1668		449550		394200		351450		386768.9352121316
1669		443700		394200		387450		387476.51691440324
1670		449550		394200		387450		387476.51691440324
1671		391050		394200		387450		387476.51691440324
1672		397800		394200		384300		388234.8337780608
1673		341100		394200		384300		388234.8337780608
1674		364950		394200		384300		388234.8337780608
1675		367200		390960		365850		385930.9835574888
1676		416250		390960		365850		385930.9835574888
1677		416700		390960		365850		385930.9835574888
1678		412200		390960		416250		386914.41374770907
1679		419850		390960		416250		386914.41374770907
1680		340650		390960		416250		386914.41374770907
1681		337950		401400		363150		401400
1682		345150		401400		363150		401400
1683		458550		401400		363150		401400
1684		452700		401400		402750		401400
1685		458550		401400		402750		401400
1686		400050		401400		402750		401400
1687		410850		401400		397800		401400
1688		354150		401400		397800		401400
1689		378000		401400		397800		401400
1690		380250		401400		369900		401400
1691		429300		401400		369900		401400
1692		429750		401400		369900		401400
1693		425250		401400		424350		401400
1694		419850		401400		424350		401400
1695		340650		401400		424350		401400
1696		333900		398160		359550		398160
1697		341100		398160		359550		398160
1698		454500		398160		359550		398160
1699		448650		398160		412200		398160
1700		454500		398160		412200		398160
1701		396000		398160		412200		398160
1702		419400		408240		409500		408240
1703		362700		408240		409500		408240
1704		386550		408240		409500		408240
1705		388800		408240		383850		408240
1706		437850		408240		383850		408240
1707		438300		408240		383850		408240
1708		437850		408240		438300		408240
1709		432450		408240		438300		408240
1710		353250		408240		438300		408240
1711		346500		408240		364500		408240
1712		353700		408240		364500		408240
1713		467100		408240		364500		408240
1714		448650		408240		418500		408240
1715		454500		408240		418500		408240
1716		396000		408240		418500		408240
1717		415350		405000		407700		405000
1718		358650		405000		407700		405000
1719		382500		405000		407700		405000
1720		384750		405000		387450		405000
1721		433800		405000		387450		405000
1722		434250		405000		387450		405000
1723		446850		415440		447300		415440
1724		441450		415440		447300		415440
1725		362250		415440		447300		415440
1726		355500		415440		373500		415440
1727		362700		415440		373500		415440
1728		476100		415440		373500		415440
1729		461700		415440		426150		415440
1730		467550		415440		426150		415440
1731		409050		415440		426150		415440
1732		428400		415440		415800		415440
1733		371700		415440		415800		415440
1734		395550		415440		415800		415440
1735		384750		415440		395100		415440
1736		433800		415440		395100		415440
1737		434250		415440		395100		415440
1738		442800		412200		450000		412200
1739		437400		412200		450000		412200
1740		358200		412200		450000		412200
1741		351450		412200		376200		412200
1742		358650		412200		376200		412200
1743		472050		412200		376200		412200
1744		471150		423000		430650		423000
1745		477000		423000		430650		423000
1746		418500		423000		430650		423000
1747		437850		423000		421200		423000
1748		381150		423000		421200		423000
1749		405000		423000		421200		423000
1750		398250		423000		397800		423000
1751		447300		423000		397800		423000
1752		447750		423000		397800		423000
1753		456300		423000		459000		423000
1754		450900		423000		459000		423000
1755		371700		423000		459000		423000
1756		351450		423000		386100		423000
1757		358650		423000		386100		423000
1758		472050		423000		386100		423000
1759		467100		419760		433350		419760
1760		472950		419760		433350		419760
1761		414450		419760		433350		419760
1762		433800		419760		424800		419760
1763		377100		419760		424800		419760
1764		400950		419760		424800		419760
1765		407250		430200		402300		430200
1766		456300		430200		402300		430200
1767		456750		430200		402300		430200
1768		465300		430200		466200		430200
1769		459900		430200		466200		430200
1770		380700		430200		466200		430200
1771		364500		430200		391500		430200
1772		371700		430200		391500		430200
1773		485100		430200		391500		430200
1774		480150		430200		443700		430200
1775		486000		430200		443700		430200
1776		427500		430200		443700		430200
1777		433800		430200		437400		430200
1778		377100		430200		437400		430200
1779		400950		430200		437400		430200
1780		402750		426600		403650		426600
1781		451800		426600		403650		426600
1782		452250		426600		403650		426600
1783		460800		426600		466650		426600
1784		455400		426600		466650		426600
1785		376200		426600		466650		426600
1786		373950		437760		399150		437760
1787		381150		437760		399150		437760
1788		494550		437760		399150		437760
1789		489600		437760		451350		437760
1790		495450		437760		451350		437760
1791		436950		437760		451350		437760
1792		447750		437760		445500		437760
1793		391050		437760		445500		437760
1794		414900		437760		445500		437760
1795		416700		437760		417600		437760
1796		465750		437760		417600		437760
1797		466200		437760		417600		437760
1798		460800		437760		475200		437760
1799		455400		437760		475200		437760
1800		376200		437760		475200		437760
1801		369900		434520		397800		434520
1802		377100		434520		397800		434520
1803		490500		434520		397800		434520
1804		485550		434520		448650		434520
1805		491400		434520		448650		434520
1806		432900		434520		448650		434520
1807		457650		445680		455400		445680
1808		400950		445680		455400		445680
1809		424800		445680		455400		445680
1810		426600		445680		427500		445680
1811		475650		445680		427500		445680
1812		476100		445680		427500		445680
1813		474750		445680		485100		445680
1814		469350		445680		485100		445680
1815		390150		445680		485100		445680
1816		383850		445680		411750		445680
1817		391050		445680		411750		445680
1818		504450		445680		411750		445680
1819		485550		445680		453150		445680
1820		491400		445680		453150		445680
1821		432900		445680		453150		445680
1822		453150		442080		450900		442080
1823		396450		442080		450900		442080
1824		420300		442080		450900		442080
1825		422100		442080		423000		442080
1826		471150		442080		423000		442080
1827		471600		442080		423000		442080
1828		484650		453600		495000		453600
1829		479250		453600		495000		453600
1830		400050		453600		495000		453600
1831		393750		453600		421650		453600
1832		400950		453600		421650		453600
1833		514350		453600		421650		453600
1834		499950		453600		463050		453600
1835		505800		453600		463050		453600
1836		447300		453600		463050		453600
1837		467550		453600		465300		453600
1838		410850		453600		465300		453600
1839		434700		453600		465300		453600
1840		422100		453600		427500		453600
1841		471150		453600		427500		453600
1842		471600		453600		427500		453600
1843		480150		450000		490500		450000
1844		474750		450000		490500		450000
1845		395550		450000		490500		450000
1846		389250		450000		417150		450000
1847		396450		450000		417150		450000
1848		509850		450000		417150		450000
1849		509850		461520		472950		461520
1850		515700		461520		472950		461520
1851		457200		461520		472950		461520
1852		477450		461520		475200		461520
1853		420750		461520		475200		461520
1854		444600		461520		475200		461520
1855		436500		461520		437400		461520
1856		485550		461520		437400		461520
1857		486000		461520		437400		461520
1858		494550		461520		504900		461520
1859		489150		461520		504900		461520
1860		409950		461520		504900		461520
1861		389250		461520		421650		461520
1862		396450		461520		421650		461520
1863		509850		461520		421650		461520
1864		505350		457920		468450		457920
1865		511200		457920		468450		457920
1866		452700		457920		468450		457920
1867		472950		457920		470700		457920
1868		416250		457920		470700		457920
1869		440100		457920		470700		457920
1870		446850		469800		447750		469800
1871		495900		469800		447750		469800
1872		496350		469800		447750		469800
1873		504900		469800		515250		469800
1874		499500		469800		515250		469800
1875		420300		469800		515250		469800
1876		404100		469800		432000		469800
1877		411300		469800		432000		469800
1878		524700		469800		432000		469800
1879		520200		469800		483300		469800
1880		526050		469800		483300		469800
1881		467550		469800		483300		469800
1882		472950		469800		475200		469800
1883		416250		469800		475200		469800
1884		440100		469800		475200		469800
1885		442350		466200		443250		466200
1886		491400		466200		443250		466200
1887		491850		466200		443250		466200
1888		500400		466200		510750		466200
1889		495000		466200		510750		466200
1890		415800		466200		510750		466200
1891		414450		478080		442350		478080
1892		421650		478080		442350		478080
1893		535050		478080		442350		478080
1894		530550		478080		493650		478080
1895		536400		478080		493650		478080
1896		477900		478080		493650		478080
1897		487800		478080		485550		478080
1898		431100		478080		485550		478080
1899		454950		478080		485550		478080
1900		457200		478080		458100		478080
1901		506250		478080		458100		478080
1902		506700		478080		458100		478080
1903		500400		478080		515700		478080
1904		495000		478080		515700		478080
1905		415800		478080		515700		478080
1906		409500		474120		437400		474120
1907		416700		474120		437400		474120
1908		530100		474120		437400		474120
1909		525600		474120		488700		474120
1910		531450		474120		488700		474120
1911		472950		474120		488700		474120
1912		498150		486360		495900		486360
1913		441450		486360		495900		486360
1914		465300		486360		495900		486360
1915		467550		486360		468450		486360
1916		516600		486360		468450		486360
1917		517050		486360		468450		486360
1918		515700		486360		526050		486360
1919		510300		486360		526050		486360
1920		431100		486360		526050		486360
1921		424800		486360		452700		486360
1922		432000		486360		452700		486360
1923		545400		486360		452700		486360
1924		525600		486360		504450		486360
1925		531450		486360		504450		486360
1926		472950		486360		504450		486360
1927		482400		473760		480150		473760
1928		425700		473760		480150		473760
1929		449550		473760		480150		473760
1930		451800		473760		452700		473760
1931		500850		473760		452700		473760
1932		501300		473760		452700		473760
1933		526500		495000		536850		495000
1934		521100		495000		536850		495000
1935		441900		495000		536850		495000
1936		435600		495000		463500		495000
1937		442800		495000		463500		495000
1938		556200		495000		463500		495000
1939		552150		495000		515250		495000
1940		558000		495000		515250		495000
1941		499500		495000		515250		495000
1942		508950		495000		506700		495000
1943		452250		495000		506700		495000
1944		476100		495000		506700		495000
1945		451800		495000		459900		495000
1946		500850		495000		459900		495000
1947		501300		495000		459900		495000
1948		519300		489240		529650		489240
1949		513900		489240		529650		489240
1950		434700		489240		529650		489240
1951		428400		489240		456300		489240
1952		435600		489240		456300		489240
1953		549000		489240		456300		489240
1954		562950		503640		526050		503640
1955		568800		503640		526050		503640
1956		510300		503640		526050		503640
1957		519750		503640		517500		503640
1958		463050		503640		517500		503640
1959		486900		503640		517500		503640
1960		469800		503640		470700		503640
1961		518850		503640		470700		503640
1962		519300		503640		470700		503640
1963		537300		503640		547650		503640
1964		531900		503640		547650		503640
1965		452700		503640		547650		503640
1966		428400		503640		463500		503640
1967		435600		503640		463500		503640
1968		549000		503640		463500		503640
1969		555750		497880		518850		497880
1970		561600		497880		518850		497880
1971		503100		497880		518850		497880
1972		512550		497880		510300		497880
1973		455850		497880		510300		497880
1974		479700		497880		510300		497880
1975		481050		512640		481950		512640
1976		530100		512640		481950		512640
1977		530550		512640		481950		512640
1978		548550		512640		558900		512640
1979		543150		512640		558900		512640
1980		463950		512640		558900		512640
1981		446850		512640		474750		512640
1982		454050		512640		474750		512640
1983		567450		512640		474750		512640
1984		574200		512640		537300		512640
1985		580050		512640		537300		512640
1986		521550		512640		537300		512640
1987		512550		512640		517950		512640
1988		455850		512640		517950		512640
1989		479700		512640		517950		512640
1990		473400		506520		474300		506520
1991		522450		506520		474300		506520
1992		522900		506520		474300		506520
1993		540900		506520		551250		506520
1994		535500		506520		551250		506520
1995		456300		506520		551250		506520
1996		458100		521640		486000		521640
1997		465300		521640		486000		521640
1998		578700		521640		486000		521640
1999		585450		521640		548550		521640
2000		591300		521640		548550		521640
2001		532800		521640		548550		521640
2002		531450		521640		529200		521640
2003		474750		521640		529200		521640
2004		498600		521640		529200		521640
2005		492300		521640		493200		521640
2006		541350		521640		493200		521640
2007		541800		521640		493200		521640
2008		540900		521640		558450		521640
2009		535500		521640		558450		521640
2010		456300		521640		558450		521640
2011		450900		515880		478800		515880
2012		458100		515880		478800		515880
2013		571500		515880		478800		515880
2014		578250		515880		541350		515880
2015		584100		515880		541350		515880
2016		525600		515880		541350		515880
2017		542700		530640		540450		530640
2018		486000		530640		540450		530640
2019		509850		530640		540450		530640
2020		503550		530640		504450		530640
2021		552600		530640		504450		530640
2022		553050		530640		504450		530640
2023		559350		530640		569700		530640
2024		553950		530640		569700		530640
2025		474750		530640		569700		530640
2026		469350		530640		497250		530640
2027		476550		530640		497250		530640
2028		589950		530640		497250		530640
2029		578250		530640		549000		530640
2030		584100		530640		549000		530640
2031		525600		530640		549000		530640
2032		535050		524520		532800		524520
2033		478350		524520		532800		524520
2034		502200		524520		532800		524520
2035		495900		524520		496800		524520
2036		544950		524520		496800		524520
2037		545400		524520		496800		524520
2038		571500		540360		581850		540360
2039		566100		540360		581850		540360
2040		486900		540360		581850		540360
2041		481500		540360		509400		540360
2042		488700		540360		509400		540360
2043		602100		540360		509400		540360
2044		598050		540360		561150		540360
2045		603900		540360		561150		540360
2046		545400		540360		561150		540360
2047		554850		540360		552600		540360
2048		498150		540360		552600		540360
2049		522000		540360		552600		540360
2050		495900		540360		504000		540360
2051		544950		540360		504000		540360
2052		545400		540360		504000		540360
2053		564300		534600		574650		534600
2054		558900		534600		574650		534600
2055		479700		534600		574650		534600
2056		474300		534600		502200		534600
2057		481500		534600		502200		534600
2058		594900		534600		502200		534600
2059		609750		549720		572850		549720
2060		615600		549720		572850		549720
2061		557100		549720		572850		549720
2062		566550		549720		564300		549720
2063		509850		549720		564300		549720
2064		533700		549720		564300		549720
2065		514800		549720		515700		549720
2066		563850		549720		515700		549720
2067		564300		549720		515700		549720
2068		583200		549720		593550		549720
2069		577800		549720		593550		549720
2070		498600		549720		593550		549720
2071		474300		549720		509850		549720
2072		481500		549720		509850		549720
2073		594900		549720		509850		549720
2074		602100		543600		565200		543600
2075		607950		543600		565200		543600
2076		549450		543600		565200		543600
2077		558900		543600		556650		543600
2078		502200		543600		556650		543600
2079		526050		543600		556650		543600
2080		526950		559440		527850		559440
2081		576000		559440		527850		559440
2082		576450		559440		527850		559440
2083		595350		559440		605700		559440
2084		589950		559440		605700		559440
2085		510750		559440		605700		559440
2086		494100		559440		522000		559440
2087		501300		559440		522000		559440
2088		614700		559440		522000		559440
2089		621900		559440		585000		559440
2090		627750		559440		585000		559440
2091		569250		559440		585000		559440
2092		558900		559440		565650		559440
2093		502200		559440		565650		559440
2094		526050		559440		565650		559440
2095		517950		552240		518850		552240
2096		567000		552240		518850		552240
2097		567450		552240		518850		552240
2098		586350		552240		596700		552240
2099		580950		552240		596700		552240
2100		501750		552240		596700		552240
2101		506250		569160		534150		569160
2102		513450		569160		534150		569160
2103		626850		569160		534150		569160
2104		634050		569160		597150		569160
2105		639900		569160		597150		569160
2106		581400		569160		597150		569160
2107		580050		569160		577800		569160
2108		523350		569160		577800		569160
2109		547200		569160		577800		569160
2110		539100		569160		540000		569160
2111		588150		569160		540000		569160
2112		588600		569160		540000		569160
2113		586350		569160		604800		569160
2114		580950		569160		604800		569160
2115		501750		569160		604800		569160
2116		498150		562680		526050		562680
2117		505350		562680		526050		562680
2118		618750		562680		526050		562680
2119		625950		562680		589050		562680
2120		631800		562680		589050		562680
2121		573300		562680		589050		562680
2122		592650		579240		590400		579240
2123		535950		579240		590400		579240
2124		559800		579240		590400		579240
2125		551700		579240		552600		579240
2126		600750		579240		552600		579240
2127		601200		579240		552600		579240
2128		607050		579240		617400		579240
2129		601650		579240		617400		579240
2130		522450		579240		617400		579240
2131		518850		579240		546750		579240
2132		526050		579240		546750		579240
2133		639450		579240		546750		579240
2134		625950		579240		607950		579240
2135		631800		579240		607950		579240
2136		584550		579240		607950		579240
2137		585000		564120		571500		564120
2138		528300		564120		571500		564120
2139		540900		564120		571500		564120
2140		532800		564120		533700		564120
2141		581850		564120		533700		564120
2142		582300		564120		533700		564120
2143		620100		589680		630450		589680
2144		614700		589680		630450		589680
2145		535500		589680		630450		589680
2146		531900		589680		559800		589680
2147		539100		589680		559800		589680
2148		652500		589680		559800		589680
2149		646650		589680		621000		589680
2150		652500		589680		621000		589680
2151		605250		589680		621000		589680
2152		616950		589680		603450		589680
2153		560250		589680		603450		589680
2154		572850		589680		603450		589680
2155		532800		589680		553050		589680
2156		581850		589680		553050		589680
2157		598500		589680		553050		589680
2158		616950		574200		611100		574200
2159		611550		574200		611100		574200
2160		516150		574200		611100		574200
2161		512550		574200		540450		574200
2162		519750		574200		540450		574200
2163		633150		574200		540450		574200
2164		659700		600120		634050		600120
2165		665550		600120		634050		600120
2166		618300		600120		634050		600120
2167		630000		600120		616500		600120
2168		573300		600120		616500		600120
2169		585900		600120		616500		600120
2170		549000		600120		566100		600120
2171		598050		600120		566100		600120
2172		614700		600120		566100		600120
2173		649350		600120		643500		600120
2174		643950		600120		643500		600120
2175		548550		600120		643500		600120
2176		512550		600120		552150		600120
2177		519750		600120		552150		600120
2178		636750		600120		552150		600120
2179		642600		583560		619200		583560
2180		648450		583560		619200		583560
2181		607950		583560		619200		583560
2182		619650		583560		595800		583560
2183		562950		583560		595800		583560
2184		565200		583560		595800		583560
2185		562050		610560		582300		610560
2186		611100		610560		582300		610560
2187		627750		610560		582300		610560
2188		662400		610560		656550		610560
2189		657000		610560		656550		610560
2190		561600		610560		656550		610560
2191		532350		610560		565200		610560
2192		539550		610560		565200		610560
2193		656550		610560		565200		610560
2194		676350		610560		652950		610560
2195		682200		610560		652950		610560
2196		641700		610560		652950		610560
2197		619650		610560		590850		610560
2198		562950		610560		590850		610560
2199		565200		610560		590850		610560
2200		548100		599400		569250		599400
2201		597150		599400		569250		599400
2202		624600		599400		569250		599400
2203		659250		599400		642600		599400
2204		653850		599400		642600		599400
2205		547650		599400		642600		599400
2206		545850		621360		585900		621360
2207		553050		621360		585900		621360
2208		670050		621360		585900		621360
2209		689850		621360		671850		621360
2210		695700		621360		671850		621360
2211		655200		621360		671850		621360
2212		636300		621360		609750		621360
2213		579600		621360		609750		621360
2214		581850		621360		609750		621360
2215		575550		621360		596700		621360
2216		624600		621360		596700		621360
2217		652050		621360		596700		621360
2218		659250		621360		642150		621360
2219		653850		621360		642150		621360
2220		556650		621360		642150		621360
2221		534600		604800		566100		604800
2222		541800		604800		566100		604800
2223		649350		604800		566100		604800
2224		669150		604800		651600		604800
2225		675000		604800		651600		604800
2226		642600		604800		651600		604800
2227		657900		632160		628650		632160
2228		601200		632160		628650		632160
2229		595350		632160		628650		632160
2230		589050		632160		617400		632160
2231		638100		632160		617400		632160
2232		666000		632160		617400		632160
2233		675900		632160		662850		632160
2234		670500		632160		662850		632160
2235		573300		632160		662850		632160
2236		568800		632160		600300		632160
2237		576000		632160		600300		632160
2238		683550		632160		600300		632160
2239		669150		632160		651600		632160
2240		675000		632160		651600		632160
2241		643950		632160		651600		632160
2242		645300		621000		618300		621000
2243		588600		621000		618300		621000
2244		581400		621000		618300		621000
2245		575100		621000		605700		621000
2246		624150		621000		605700		621000
2247		662400		621000		605700		621000
2248		700200		643320		678600		643320
2249		694800		643320		678600		643320
2250		589500		643320		678600		643320
2251		585000		643320		617400		643320
2252		592200		643320		617400		643320
2253		697500		643320		617400		643320
2254		683100		643320		668700		643320
2255		688950		643320		668700		643320
2256		657900		643320		668700		643320
2257		673200		643320		646200		643320
2258		616500		643320		646200		643320
2259		609300		643320		646200		643320
2260		575100		643320		606150		643320
2261		624150		643320		606150		643320
2262		661950		643320		606150		643320
2263		690300		635400		671400		635400
2264		684900		635400		671400		635400
2265		585000		635400		671400		635400
2266		580500		635400		611550		635400
2267		587700		635400		611550		635400
2268		687600		635400		611550		635400
2269		697500		654840		683100		654840
2270		703350		654840		683100		654840
2271		676350		654840		683100		654840
2272		691650		654840		661950		654840
2273		634950		654840		661950		654840
2274		624150		654840		661950		654840
2275		589950		654840		621900		654840
2276		639000		654840		621900		654840
2277		676800		654840		621900		654840
2278		714600		654840		695700		654840
2279		709200		654840		695700		654840
2280		609300		654840		695700		654840
2281		580500		654840		616950		654840
2282		587700		654840		616950		654840
2283		681750		654840		616950		654840
2284		688950		648000		675450		648000
2285		694800		648000		675450		648000
2286		670500		648000		675450		648000
2287		685800		648000		655200		648000
2288		629100		648000		655200		648000
2289		615600		648000		655200		648000
2290		604350		666360		636750		666360
2291		653400		666360		636750		666360
2292		691200		666360		636750		666360
2293		729000		666360		710100		666360
2294		723600		666360		710100		666360
2295		629550		666360		710100		666360
2296		600750		666360		631350		666360
2297		607950		666360		631350		666360
2298		702000		666360		631350		666360
2299		711900		666360		698400		666360
2300		717750		666360		698400		666360
2301		693450		666360		698400		666360
2302		685800		666360		660150		666360
2303		629100		666360		660150		666360
2304		612450		666360		660150		666360
2305		594450		658440		628650		658440
2306		643500		658440		628650		658440
2307		681300		658440		628650		658440
2308		719100		658440		700200		658440
2309		713700		658440		700200		658440
2310		626400		658440		700200		658440
2311		622350		678240		649350		678240
2312		629550		678240		649350		678240
2313		716850		678240		649350		678240
2314		726750		678240		713250		678240
2315		732600		678240		713250		678240
2316		711450		678240		713250		678240
2317		703800		678240		675000		678240
2318		647100		678240		675000		678240
2319		630450		678240		675000		678240
2320		619200		678240		653400		678240
2321		668250		678240		653400		678240
2322		706050		678240		653400		678240
2323		719100		678240		698400		678240
2324		713700		678240		698400		678240
2325		629550		678240		698400		678240
2326		616500		671040		643950		671040
2327		623700		671040		643950		671040
2328		707850		671040		643950		671040
2329		717750		671040		704250		671040
2330		723600		671040		704250		671040
2331		708300		671040		704250		671040
2332		724500		690120		692550		690120
2333		667800		690120		692550		690120
2334		645300		690120		692550		690120
2335		634050		690120		670500		690120
2336		683100		690120		670500		690120
2337		720900		690120		670500		690120
2338		733950		690120		715500		690120
2339		728550		690120		715500		690120
2340		644400		690120		715500		690120
2341		640350		690120		667800		690120
2342		647550		690120		667800		690120
2343		731700		690120		667800		690120
2344		717750		690120		701100		690120
2345		723600		690120		701100		690120
2346		713700		690120		701100		690120
2347		719550		681840		684450		681840
2348		662850		681840		684450		681840
2349		634950		681840		684450		681840
2350		623700		681840		664200		681840
2351		672750		681840		664200		681840
2352		710550		681840		664200		681840
2353		749250		702360		730800		702360
2354		743850		702360		730800		702360
2355		664650		702360		730800		702360
2356		660600		702360		686700		702360
2357		667800		702360		686700		702360
2358		747000		702360		686700		702360
2359		733050		702360		720000		702360
2360		738900		702360		720000		702360
2361		729000		702360		720000		702360
2362		745200		702360		710100		702360
2363		688500		702360		710100		702360
2364		660600		702360		710100		702360
2365		623700		702360		668250		702360
2366		672750		702360		668250		702360
2367		710550		702360		668250		702360
2368		738900		694080		720450		694080
2369		733500		694080		720450		694080
2370		661050		694080		720450		694080
2371		657000		694080		679950		694080
2372		664200		694080		679950		694080
2373		736650		694080		679950		694080
2374		748350		714600		735300		714600
2375		754200		714600		735300		714600
2376		747900		714600		735300		714600
2377		764100		714600		726750		714600
2378		707400		714600		726750		714600
2379		675900		714600		726750		714600
2380		639000		714600		684900		714600
2381		688050		714600		684900		714600
2382		725850		714600		684900		714600
2383		764550		714600		746100		714600
2384		759150		714600		746100		714600
2385		686700		714600		746100		714600
2386		657000		714600		685800		714600
2387		664200		714600		685800		714600
2388		732600		714600		685800		714600
2389		738450		706680		725400		706680
2390		744300		706680		725400		706680
2391		741150		706680		725400		706680
2392		757350		706680		717750		706680
2393		700650		706680		717750		706680
2394		668700		706680		717750		706680
2395		657450		727200		703800		727200
2396		706500		727200		703800		727200
2397		741600		727200		703800		727200
2398		780300		727200				
2399		774900		727200				
