Time		Case1		Case2		Case3		Case4
1		100800		99000		100800		99000
2		100800		99000		100800		99000
3		100800		99000		100800		99000
4		100800		99000		100800		99000
5		100800		99000		100800		99000
6		100800		99000		100800		99000
7		100800		99000		100800		99000
8		100800		99000		100800		99000
9		100800		99000		100800		99000
10		100800		99000		100800		99000
11		100800		99000		100800		99000
12		100800		99000		100800		99000
13		100800		99000		100800		99000
14		100800		99000		100800		99000
15		100800		99000		100800		99000
16		90000		99000		90000		99000
17		90000		99000		90000		99000
18		90000		99000		90000		99000
19		100800		99000		100800		99000
20		100800		99000		100800		99000
21		100800		99000		100800		99000
22		102960		100800		102960		100800
23		102960		100800		102960		100800
24		102960		100800		102960		100800
25		102960		100800		102960		100800
26		102960		100800		102960		100800
27		102960		100800		102960		100800
28		102960		100800		102960		100800
29		102960		100800		102960		100800
30		102960		100800		102960		100800
31		102960		100800		102960		100800
32		102960		100800		102960		100800
33		102960		100800		102960		100800
34		92160		100800		92160		100800
35		92160		100800		92160		100800
36		92160		100800		92160		100800
37		100800		100800		100800		100800
38		100800		100800		100800		100800
39		100800		100800		100800		100800
40		102960		100800		102960		100800
41		102960		100800		102960		100800
42		102960		100800		102960		100800
43		105120		102600		105120		102600
44		105120		102600		105120		102600
45		105120		102600		105120		102600
46		105120		102600		105120		102600
47		105120		102600		105120		102600
48		105120		102600		105120		102600
49		105120		102600		105120		102600
50		105120		102600		105120		102600
51		105120		102600		105120		102600
52		94320		102600		94320		102600
53		94320		102600		94320		102600
54		94320		102600		94320		102600
55		102960		102600		102960		102600
56		102960		102600		102960		102600
57		102960		102600		102960		102600
58		102960		102600		102960		102600
59		102960		102600		102960		102600
60		102960		102600		102960		102600
61		105120		102600		105120		102600
62		105120		102600		105120		102600
63		105120		102600		105120		102600
64		107280		104400		107280		104400
65		107280		104400		107280		104400
66		107280		104400		107280		104400
67		107280		104400		107280		104400
68		107280		104400		107280		104400
69		107280		104400		107280		104400
70		96480		104400		96480		104400
71		96480		104400		96480		104400
72		96480		104400		96480		104400
73		105120		104400		105120		104400
74		105120		104400		105120		104400
75		105120		104400		105120		104400
76		105120		104400		105120		104400
77		105120		104400		105120		104400
78		105120		104400		105120		104400
79		105120		104400		105120		104400
80		105120		104400		105120		104400
81		105120		104400		105120		104400
82		107280		104400		107280		104400
83		107280		104400		107280		104400
84		107280		104400		107280		104400
85		109440		106200		109440		106200
86		109440		106200		109440		106200
87		109440		106200		109440		106200
88		98640		106200		98640		106200
89		98640		106200		98640		106200
90		98640		106200		98640		106200
91		107280		106200		107280		106200
92		107280		106200		107280		106200
93		107280		106200		107280		106200
94		107280		106200		107280		106200
95		107280		106200		107280		106200
96		107280		106200		107280		106200
97		107280		106200		107280		106200
98		107280		106200		107280		106200
99		107280		106200		107280		106200
100		107280		106200		107280		106200
101		107280		106200		107280		106200
102		107280		106200		107280		106200
103		109440		106200		109440		106200
104		109440		106200		109440		106200
105		109440		106200		109440		106200
106		100800		108000		100800		108000
107		100800		108000		100800		108000
108		100800		108000		100800		108000
109		109440		108000		109440		108000
110		109440		108000		109440		108000
111		109440		108000		109440		108000
112		109440		108000		109440		108000
113		109440		108000		109440		108000
114		109440		108000		109440		108000
115		109440		108000		109440		108000
116		109440		108000		109440		108000
117		109440		108000		109440		108000
118		109440		108000		109440		108000
119		109440		108000		109440		108000
120		109440		108000		109440		108000
121		109440		108000		109440		108000
122		109440		108000		109440		108000
123		109440		108000		109440		108000
124		100800		108000		100800		108000
125		100800		108000		100800		108000
126		100800		108000		100800		108000
127		111600		109800		111600		109800
128		111600		109800		111600		109800
129		111600		109800		111600		109800
130		111600		109800		111600		109800
131		111600		109800		111600		109800
132		111600		109800		111600		109800
133		111600		109800		111600		109800
134		111600		109800		111600		109800
135		111600		109800		111600		109800
136		111600		109800		111600		109800
137		111600		109800		111600		109800
138		111600		109800		111600		109800
139		111600		109800		111600		109800
140		111600		109800		111600		109800
141		111600		109800		111600		109800
142		100800		109800		100800		109800
143		100800		109800		100800		109800
144		100800		109800		100800		109800
145		111600		109800		111600		109800
146		111600		109800		111600		109800
147		111600		109800		111600		109800
148		113760		111600		113760		111600
149		113760		111600		113760		111600
150		113760		111600		113760		111600
151		113760		111600		113760		111600
152		113760		111600		113760		111600
153		113760		111600		113760		111600
154		113760		111600		113760		111600
155		113760		111600		113760		111600
156		113760		111600		113760		111600
157		113760		111600		113760		111600
158		113760		111600		113760		111600
159		113760		111600		113760		111600
160		102960		111600		102960		111600
161		102960		111600		102960		111600
162		102960		111600		102960		111600
163		111600		111600		111600		111600
164		111600		111600		111600		111600
165		111600		111600		111600		111600
166		113760		111600		113760		111600
167		113760		111600		113760		111600
168		113760		111600		113760		111600
169		117000		114300		117000		114300
170		117000		114300		117000		114300
171		117000		114300		117000		114300
172		117000		114300		117000		114300
173		117000		114300		117000		114300
174		117000		114300		117000		114300
175		117000		114300		117000		114300
176		117000		114300		117000		114300
177		117000		114300		117000		114300
178		106200		114300		106200		114300
179		106200		114300		106200		114300
180		106200		114300		106200		114300
181		114840		114300		114840		114300
182		114840		114300		114840		114300
183		114840		114300		114840		114300
184		113760		114300		113760		114300
185		113760		114300		113760		114300
186		113760		114300		113760		114300
187		117000		114300		117000		114300
188		117000		114300		117000		114300
189		117000		114300		117000		114300
190		119160		116100		119160		116100
191		119160		116100		119160		116100
192		119160		116100		119160		116100
193		114660		111600		114660		111600
194		114660		111600		114660		111600
195		114660		111600		114660		111600
196		103860		111600		103860		111600
197		103860		111600		103860		111600
198		103860		111600		103860		111600
199		112500		111600		112500		111600
200		112500		111600		112500		111600
201		112500		111600		112500		111600
202		111420		111600		111420		111600
203		111420		111600		111420		111600
204		111420		111600		111420		111600
205		108000		107100		108000		107100
206		108000		107100		108000		107100
207		108000		107100		108000		107100
208		110160		107100		110160		107100
209		110160		107100		110160		107100
210		110160		107100		110160		107100
211		123120		117900		123120		117900
212		123120		117900		123120		117900
213		123120		117900		123120		117900
214		112320		117900		112320		117900
215		112320		117900		112320		117900
216		112320		117900		112320		117900
217		116460		113400		116460		113400
218		116460		113400		116460		113400
219		116460		113400		116460		113400
220		115380		113400		115380		113400
221		115380		113400		115380		113400
222		115380		113400		115380		113400
223		116460		113400		116460		113400
224		116460		113400		116460		113400
225		116460		113400		116460		113400
226		105660		113400		105660		113400
227		105660		113400		105660		113400
228		105660		113400		105660		113400
229		114120		108900		114120		108900
230		114120		108900		114120		108900
231		114120		108900		114120		108900
232		116280		119700		116280		119700
233		116280		119700		116280		119700
234		116280		119700		116280		119700
235		124920		119700		124920		119700
236		124920		119700		124920		119700
237		124920		119700		124920		119700
238		123840		119700		123840		119700
239		123840		119700		123840		119700
240		123840		119700		123840		119700
241		120420		115200		120420		115200
242		120420		115200		120420		115200
243		120420		115200		120420		115200
244		109620		115200		109620		115200
245		109620		115200		109620		115200
246		109620		115200		109620		115200
247		109620		115200		109620		115200
248		109620		115200		109620		115200
249		109620		115200		109620		115200
250		111780		115200		111780		115200
251		111780		115200		111780		115200
252		111780		115200		111780		115200
253		129960		122400		129960		122400
254		129960		122400		129960		122400
255		129960		122400		129960		122400
256		128880		122400		128880		122400
257		128880		122400		128880		122400
258		128880		122400		128880		122400
259		129960		122400		129960		122400
260		129960		122400		129960		122400
261		129960		122400		129960		122400
262		119160		122400		119160		122400
263		119160		122400		119160		122400
264		119160		122400		119160		122400
265		114660		117900		114660		117900
266		114660		117900		114660		117900
267		114660		117900		114660		117900
268		102780		117900		102780		117900
269		102780		117900		102780		117900
270		102780		117900		102780		117900
271		125460		117900		125460		117900
272		125460		117900		125460		117900
273		125460		117900		125460		117900
274		131940		124200		131940		124200
275		131940		124200		131940		124200
276		131940		124200		131940		124200
277		128520		119700		128520		119700
278		128520		119700		128520		119700
279		128520		119700		128520		119700
280		117720		119700		117720		119700
281		117720		119700		117720		119700
282		117720		119700		117720		119700
283		117720		119700		117720		119700
284		117720		119700		117720		119700
285		117720		119700		117720		119700
286		105840		119700		105840		119700
287		105840		119700		105840		119700
288		105840		119700		105840		119700
289		116460		115200		116460		115200
290		116460		115200		116460		115200
291		116460		115200		116460		115200
292		122940		115200		122940		115200
293		122940		115200		122940		115200
294		122940		115200		122940		115200
295		138060		126900		138060		126900
296		138060		126900		138060		126900
297		138060		126900		138060		126900
298		127260		126900		127260		126900
299		127260		126900		127260		126900
300		127260		126900		127260		126900
301		122760		122400		122760		122400
302		122760		122400		122760		122400
303		122760		122400		122760		122400
304		110880		122400		110880		122400
305		110880		122400		110880		122400
306		110880		122400		110880		122400
307		126000		122400		126000		122400
308		126000		122400		126000		122400
309		126000		122400		126000		122400
310		118440		122400		118440		122400
311		118440		122400		118440		122400
312		118440		122400		118440		122400
313		133560		122400		133560		122400
314		133560		122400		133560		122400
315		133560		122400		133560		122400
316		130320		128700		130320		128700
317		130320		128700		130320		128700
318		130320		128700		130320		128700
319		130320		128700		130320		128700
320		130320		128700		130320		128700
321		130320		128700		130320		128700
322		118440		128700		118440		128700
323		118440		128700		118440		128700
324		118440		128700		118440		128700
325		133560		128700		133560		128700
326		133560		128700		133560		128700
327		133560		128700		133560		128700
328		126000		128700		126000		128700
329		126000		128700		126000		128700
330		126000		128700		126000		128700
331		133560		128700		133560		128700
332		133560		128700		133560		128700
333		133560		128700		133560		128700
334		130320		128700		130320		128700
335		130320		128700		130320		128700
336		130320		128700		130320		128700
337		133560		131400		133560		131400
338		133560		131400		133560		131400
339		133560		131400		133560		131400
340		121680		131400		121680		131400
341		121680		131400		121680		131400
342		121680		131400		121680		131400
343		136800		131400		136800		131400
344		136800		131400		136800		131400
345		136800		131400		136800		131400
346		129240		131400		129240		131400
347		129240		131400		129240		131400
348		129240		131400		129240		131400
349		136800		131400		136800		131400
350		136800		131400		136800		131400
351		136800		131400		136800		131400
352		130320		131400		130320		131400
353		130320		131400		130320		131400
354		130320		131400		130320		131400
355		133560		131400		133560		131400
356		133560		131400		133560		131400
357		133560		131400		133560		131400
358		123840		133200		123840		133200
359		123840		133200		123840		133200
360		123840		133200		123840		133200
361		138960		133200		138960		133200
362		138960		133200		138960		133200
363		138960		133200		138960		133200
364		131400		133200		131400		133200
365		131400		133200		131400		133200
366		131400		133200		131400		133200
367		138960		133200		138960		133200
368		138960		133200		138960		133200
369		138960		133200		138960		133200
370		132480		133200		132480		133200
371		132480		133200		132480		133200
372		132480		133200		132480		133200
373		133560		133200		133560		133200
374		133560		133200		133560		133200
375		133560		133200		133560		133200
376		123840		133200		123840		133200
377		123840		133200		123840		133200
378		123840		133200		123840		133200
379		142200		135900		142200		135900
380		142200		135900		142200		135900
381		142200		135900		142200		135900
382		134640		135900		134640		135900
383		134640		135900		134640		135900
384		134640		135900		134640		135900
385		142200		135900		142200		135900
386		142200		135900		142200		135900
387		142200		135900		142200		135900
388		135720		135900		135720		135900
389		135720		135900		135720		135900
390		135720		135900		135720		135900
391		136800		135900		136800		135900
392		136800		135900		136800		135900
393		136800		135900		136800		135900
394		123840		135900		123840		135900
395		123840		135900		123840		135900
396		123840		135900		123840		135900
397		142200		135900		142200		135900
398		142200		135900		142200		135900
399		142200		135900		142200		135900
400		136800		137700		136800		137700
401		136800		137700		136800		137700
402		136800		137700		136800		137700
403		144360		137700		144360		137700
404		144360		137700		144360		137700
405		144360		137700		144360		137700
406		137880		137700		137880		137700
407		137880		137700		137880		137700
408		137880		137700		137880		137700
409		138960		137700		138960		137700
410		138960		137700		138960		137700
411		138960		137700		138960		137700
412		126000		137700		126000		137700
413		126000		137700		126000		137700
414		126000		137700		126000		137700
415		142200		137700		142200		137700
416		142200		137700		142200		137700
417		142200		137700		142200		137700
418		136800		137700		136800		137700
419		136800		137700		136800		137700
420		136800		137700		136800		137700
421		147870		140580		147870		140580
422		147870		140580		147870		140580
423		147870		140580		147870		140580
424		141390		140580		141390		140580
425		141390		140580		141390		140580
426		141390		140580		141390		140580
427		142470		140580		142470		140580
428		142470		140580		142470		140580
429		142470		140580		142470		140580
430		129510		140580		129510		140580
431		129510		140580		129510		140580
432		129510		140580		129510		140580
433		144360		140580		144360		140580
434		144360		140580		144360		140580
435		144360		140580		144360		140580
436		138150		140580		138150		140580
437		138150		140580		138150		140580
438		138150		140580		138150		140580
439		147870		140580		147870		140580
440		147870		140580		147870		140580
441		147870		140580		147870		140580
442		143820		142560		143820		142560
443		143820		142560		143820		142560
444		143820		142560		143820		142560
445		144900		142560		144900		142560
446		144900		142560		144900		142560
447		144900		142560		144900		142560
448		130590		142560		130590		142560
449		130590		142560		130590		142560
450		130590		142560		130590		142560
451		148140		142560		148140		142560
452		148140		142560		148140		142560
453		148140		142560		148140		142560
454		139230		142560		139230		142560
455		139230		142560		139230		142560
456		139230		142560		139230		142560
457		149220		142560		149220		142560
458		149220		142560		149220		142560
459		149220		142560		149220		142560
460		143820		142560		143820		142560
461		143820		142560		143820		142560
462		143820		142560		143820		142560
463		147060		145440		147060		145440
464		147060		145440		147060		145440
465		147060		145440		147060		145440
466		135450		145440		135450		145440
467		135450		145440		135450		145440
468		135450		145440		135450		145440
469		150300		145440		150300		145440
470		150300		145440		150300		145440
471		150300		145440		150300		145440
472		144090		145440		144090		145440
473		144090		145440		144090		145440
474		144090		145440		144090		145440
475		151380		145440		151380		145440
476		151380		145440		151380		145440
477		151380		145440		151380		145440
478		143820		145440		143820		145440
479		143820		145440		143820		145440
480		143820		145440		143820		145440
481		148410		145440		148410		145440
482		148410		145440		148410		145440
483		148410		145440		148410		145440
484		137610		148320		137610		148320
485		137610		148320		137610		148320
486		137610		148320		137610		148320
487		155160		148320		155160		148320
488		155160		148320		155160		148320
489		155160		148320		155160		148320
490		146250		148320		146250		148320
491		146250		148320		146250		148320
492		146250		148320		146250		148320
493		154890		148320		154890		148320
494		154890		148320		154890		148320
495		154890		148320		154890		148320
496		147330		148320		147330		148320
497		147330		148320		147330		148320
498		147330		148320		147330		148320
499		148410		148320		148410		148320
500		148410		148320		148410		148320
501		148410		148320		148410		148320
502		138960		148320		138960		148320
503		138960		148320		138960		148320
504		138960		148320		138960		148320
505		156240		150300		156240		150300
506		156240		150300		156240		150300
507		156240		150300		156240		150300
508		148680		150300		148680		150300
509		148680		150300		148680		150300
510		148680		150300		148680		150300
511		157320		150300		157320		150300
512		157320		150300		157320		150300
513		157320		150300		157320		150300
514		149760		150300		149760		150300
515		149760		150300		149760		150300
516		149760		150300		149760		150300
517		150840		150300		150840		150300
518		150840		150300		150840		150300
519		150840		150300		150840		150300
520		138960		150300		138960		150300
521		138960		150300		138960		150300
522		138960		150300		138960		150300
523		156240		150300		156240		150300
524		156240		150300		156240		150300
525		156240		150300		156240		150300
526		152190		153180		152190		153180
527		152190		153180		152190		153180
528		152190		153180		152190		153180
529		160830		153180		160830		153180
530		160830		153180		160830		153180
531		160830		153180		160830		153180
532		153270		153180		153270		153180
533		153270		153180		153270		153180
534		153270		153180		153270		153180
535		154350		153180		154350		153180
536		154350		153180		154350		153180
537		154350		153180		154350		153180
538		141120		153180		141120		153180
539		141120		153180		141120		153180
540		141120		153180		141120		153180
541		157590		153180		157590		153180
542		157590		153180		157590		153180
543		157590		153180		157590		153180
544		152190		153180		152190		153180
545		152190		153180		152190		153180
546		152190		153180		152190		153180
547		164340		156060		164340		156060
548		164340		156060		164340		156060
549		164340		156060		164340		156060
550		156780		156060		156780		156060
551		156780		156060		156780		156060
552		156780		156060		156780		156060
553		152010		151560		152010		151560
554		152010		151560		152010		151560
555		152010		151560		152010		151560
556		141480		151560		141480		151560
557		141480		151560		141480		151560
558		141480		151560		141480		151560
559		155250		151560		155250		151560
560		155250		151560		155250		151560
561		155250		151560		155250		151560
562		149040		151560		149040		151560
563		149040		151560		149040		151560
564		149040		151560		149040		151560
565		155340		147060		155340		147060
566		155340		147060		155340		147060
567		155340		147060		155340		147060
568		160920		158940		160920		158940
569		160920		158940		160920		158940
570		160920		158940		160920		158940
571		163350		158940		163350		158940
572		163350		158940		163350		158940
573		163350		158940		163350		158940
574		150120		158940		150120		158940
575		150120		158940		150120		158940
576		150120		158940		150120		158940
577		162090		154440		162090		154440
578		162090		154440		162090		154440
579		162090		154440		162090		154440
580		148680		154440		148680		154440
581		148680		154440		148680		154440
582		148680		154440		148680		154440
583		155340		154440		155340		154440
584		155340		154440		155340		154440
585		155340		154440		155340		154440
586		157770		154440		157770		154440
587		157770		154440		157770		154440
588		157770		154440		157770		154440
589		167490		161820		167490		161820
590		167490		161820		167490		161820
591		167490		161820		167490		161820
592		156960		161820		156960		161820
593		156960		161820		156960		161820
594		156960		161820		156960		161820
595		166230		161820		166230		161820
596		166230		161820		166230		161820
597		166230		161820		166230		161820
598		163170		161820		163170		161820
599		163170		161820		163170		161820
600		163170		161820		163170		161820
601		156330		157320		156330		157320
602		156330		157320		156330		157320
603		156330		157320		156330		157320
604		153270		157320		153270		157320
605		153270		157320		153270		157320
606		153270		157320		153270		157320
607		164340		157320		164340		157320
608		164340		157320		164340		157320
609		164340		157320		164340		157320
610		155610		164700		155610		164700
611		155610		164700		155610		164700
612		155610		164700		155610		164700
613		170730		160200		170730		160200
614		170730		160200		170730		160200
615		170730		160200		170730		160200
616		158670		160200		158670		160200
617		158670		160200		158670		160200
618		158670		160200		158670		160200
619		165330		160200		165330		160200
620		165330		160200		165330		160200
621		165330		160200		165330		160200
622		155520		160200		155520		160200
623		155520		160200		155520		160200
624		155520		160200		155520		160200
625		153090		155700		153090		155700
626		153090		155700		153090		155700
627		153090		155700		153090		155700
628		151110		155700		151110		155700
629		151110		155700		151110		155700
630		151110		155700		151110		155700
631		176220		167580		176220		167580
632		176220		167580		176220		167580
633		176220		167580		176220		167580
634		173160		167580		173160		167580
635		173160		167580		173160		167580
636		173160		167580		173160		167580
637		168570		163080		168570		163080
638		168570		163080		168570		163080
639		168570		163080		168570		163080
640		158760		163080		158760		163080
641		158760		163080		158760		163080
642		158760		163080		158760		163080
643		161730		163080		161730		163080
644		161730		163080		161730		163080
645		161730		163080		161730		163080
646		147960		163080		147960		163080
647		147960		163080		147960		163080
648		147960		163080		147960		163080
649		171720		158580		171720		158580
650		171720		158580		171720		158580
651		171720		158580		171720		158580
652		176400		170460		176400		170460
653		176400		170460		176400		170460
654		176400		170460		176400		170460
655		176310		170460		176310		170460
656		176310		170460		176310		170460
657		176310		170460		176310		170460
658		167400		170460		167400		170460
659		167400		170460		167400		170460
660		167400		170460		167400		170460
661		168570		165960		168570		165960
662		168570		165960		168570		165960
663		168570		165960		168570		165960
664		152100		165960		152100		165960
665		152100		165960		152100		165960
666		152100		165960		152100		165960
667		170820		165960		170820		165960
668		170820		165960		170820		165960
669		170820		165960		170820		165960
670		169650		165960		169650		165960
671		169650		165960		169650		165960
672		169650		165960		169650		165960
673		179460		173340		179460		173340
674		179460		173340		179460		173340
675		179460		173340		179460		173340
676		173250		173340		173250		173340
677		173250		173340		173250		173340
678		173250		173340		173250		173340
679		176220		173340		176220		173340
680		176220		173340		176220		173340
681		176220		173340		176220		173340
682		164700		173340		164700		173340
683		164700		173340		164700		173340
684		164700		173340		164700		173340
685		173970		173340		173970		173340
686		173970		173340		173970		173340
687		173970		173340		173970		173340
688		171900		173340		171900		173340
689		171900		173340		171900		173340
690		171900		173340		171900		173340
691		180810		173340		180810		173340
692		180810		173340		180810		173340
693		180810		173340		180810		173340
694		175410		176220		175410		176220
695		175410		176220		175410		176220
696		175410		176220		175410		176220
697		183330		176220		183330		176220
698		183330		176220		183330		176220
699		183330		176220		183330		176220
700		162360		176220		162360		176220
701		162360		176220		162360		176220
702		162360		176220		162360		176220
703		179730		176220		179730		176220
704		179730		176220		179730		176220
705		179730		176220		179730		176220
706		175410		176220		175410		176220
707		175410		176220		175410		176220
708		175410		176220		175410		176220
709		180810		176220		180810		176220
710		180810		176220		180810		176220
711		180810		176220		180810		176220
712		179010		176220		179010		176220
713		179010		176220		179010		176220
714		179010		176220		179010		176220
715		181440		179460		181440		179460
716		181440		179460		181440		179460
717		181440		179460		181440		179460
718		168570		179460		168570		179460
719		168570		179460		168570		179460
720		168570		179460		168570		179460
721		183690		179460		183690		179460
722		183690		179460		183690		179460
723		183690		179460		183690		179460
724		179370		179460		179370		179460
725		179370		179460		179370		179460
726		179370		179460		179370		179460
727		186570		179460		186570		179460
728		186570		179460		186570		179460
729		186570		179460		186570		179460
730		174960		179460		174960		179460
731		174960		179460		174960		179460
732		174960		179460		174960		179460
733		183690		179460		183690		179460
734		183690		179460		183690		179460
735		183690		179460		183690		179460
736		172530		182700		172530		182700
737		172530		182700		172530		182700
738		172530		182700		172530		182700
739		187650		182700		187650		182700
740		187650		182700		187650		182700
741		187650		182700		187650		182700
742		185130		182700		185130		182700
743		185130		182700		185130		182700
744		185130		182700		185130		182700
745		186480		182700		186480		182700
746		186480		182700		186480		182700
747		186480		182700		186480		182700
748		179370		182700		179370		182700
749		179370		182700		179370		182700
750		179370		182700		179370		182700
751		185490		182700		185490		182700
752		185490		182700		185490		182700
753		185490		182700		185490		182700
754		172530		182700		172530		182700
755		172530		182700		172530		182700
756		172530		182700		172530		182700
757		192960		185580		192960		185580
758		192960		185580		192960		185580
759		192960		185580		192960		185580
760		184590		185580		184590		185580
761		184590		185580		184590		185580
762		184590		185580		184590		185580
763		190440		185580		190440		185580
764		190440		185580		190440		185580
765		190440		185580		190440		185580
766		184680		185580		184680		185580
767		184680		185580		184680		185580
768		184680		185580		184680		185580
769		187650		185580		187650		185580
770		187650		185580		187650		185580
771		187650		185580		187650		185580
772		175680		185580		175680		185580
773		175680		185580		175680		185580
774		175680		185580		175680		185580
775		188910		185580		188910		185580
776		188910		185580		188910		185580
777		188910		185580		188910		185580
778		189000		188820		189000		188820
779		189000		188820		189000		188820
780		189000		188820		189000		188820
781		196200		188820		196200		188820
782		196200		188820		196200		188820
783		196200		188820		196200		188820
784		187290		188820		187290		188820
785		187290		188820		187290		188820
786		187290		188820		187290		188820
787		194760		188820		194760		188820
788		194760		188820		194760		188820
789		194760		188820		194760		188820
790		173790		188820		173790		188820
791		173790		188820		173790		188820
792		173790		188820		173790		188820
793		191160		188820		191160		188820
794		191160		188820		191160		188820
795		191160		188820		191160		188820
796		190800		188820		190800		188820
797		190800		188820		190800		188820
798		190800		188820		190800		188820
799		198810		192060		198810		192060
800		198810		192060		198810		192060
801		198810		192060		198810		192060
802		194400		192060		194400		192060
803		194400		192060		194400		192060
804		194400		192060		194400		192060
805		192870		192060		192870		192060
806		192870		192060		192870		192060
807		192870		192060		192870		192060
808		180000		192060		180000		192060
809		180000		192060		180000		192060
810		180000		192060		180000		192060
811		195120		192060		195120		192060
812		195120		192060		195120		192060
813		195120		192060		195120		192060
814		191250		192060		191250		192060
815		191250		192060		191250		192060
816		191250		192060		191250		192060
817		201960		192060		201960		192060
818		201960		192060		201960		192060
819		201960		192060		201960		192060
820		193590		196200		193590		196200
821		193590		196200		193590		196200
822		193590		196200		193590		196200
823		200160		196200		200160		196200
824		200160		196200		200160		196200
825		200160		196200		200160		196200
826		185040		196200		185040		196200
827		185040		196200		185040		196200
828		185040		196200		185040		196200
829		200610		196200		200610		196200
830		200610		196200		200610		196200
831		200610		196200		200610		196200
832		197640		196200		197640		196200
833		197640		196200		197640		196200
834		197640		196200		197640		196200
835		197910		196200		197910		196200
836		197910		196200		197910		196200
837		197910		196200		197910		196200
838		195840		196200		195840		196200
839		195840		196200		195840		196200
840		195840		196200		195840		196200
841		203670		199080		203670		199080
842		203670		199080		203670		199080
843		203670		199080		203670		199080
844		189000		199080		189000		199080
845		189000		199080		189000		199080
846		189000		199080		189000		199080
847		205470		199080		205470		199080
848		205470		199080		205470		199080
849		205470		199080		205470		199080
850		197100		199080		197100		199080
851		197100		199080		197100		199080
852		197100		199080		197100		199080
853		202320		199080		202320		199080
854		202320		199080		202320		199080
855		202320		199080		202320		199080
856		197190		199080		197190		199080
857		197190		199080		197190		199080
858		197190		199080		197190		199080
859		204120		199080		204120		199080
860		204120		199080		204120		199080
861		204120		199080		204120		199080
862		195390		203220		195390		203220
863		195390		203220		195390		203220
864		195390		203220		195390		203220
865		206460		203220		206460		203220
866		206460		203220		206460		203220
867		206460		203220		206460		203220
868		203040		203220		203040		203220
869		203040		203220		203040		203220
870		203040		203220		203040		203220
871		208710		203220		208710		203220
872		208710		203220		208710		203220
873		208710		203220		208710		203220
874		200880		203220		200880		203220
875		200880		203220		200880		203220
876		200880		203220		200880		203220
877		207270		203220		207270		203220
878		207270		203220		207270		203220
879		207270		203220		207270		203220
880		191340		203220		191340		203220
881		191340		203220		191340		203220
882		191340		203220		191340		203220
883		211320		206460		211320		206460
884		211320		206460		211320		206460
885		211320		206460		211320		206460
886		208350		206460		208350		206460
887		208350		206460		208350		206460
888		208350		206460		208350		206460
889		211320		206460		211320		206460
890		211320		206460		211320		206460
891		211320		206460		211320		206460
892		207990		206460		207990		206460
893		207990		206460		207990		206460
894		207990		206460		207990		206460
895		205380		206460		205380		206460
896		205380		206460		205380		206460
897		205380		206460		205380		206460
898		194040		206460		194040		206460
899		194040		206460		194040		206460
900		194040		206460		194040		206460
901		212670		206460		212670		206460
902		212670		206460		212670		206460
903		212670		206460		212670		206460
904		210960		209700		210960		209700
905		210960		209700		210960		209700
906		210960		209700		210960		209700
907		218430		209700		218430		209700
908		218430		209700		218430		209700
909		218430		209700		218430		209700
910		206100		209700		206100		209700
911		206100		209700		206100		209700
912		206100		209700		206100		209700
913		212040		209700		212040		209700
914		212040		209700		212040		209700
915		212040		209700		212040		209700
916		197550		209700		197550		209700
917		197550		209700		197550		209700
918		197550		209700		197550		209700
919		213120		209700		213120		209700
920		213120		209700		213120		209700
921		213120		209700		213120		209700
922		214110		209700		214110		209700
923		214110		209700		214110		209700
924		214110		209700		214110		209700
925		217530		213660		217530		213660
926		217530		213660		217530		213660
927		217530		213660		217530		213660
928		213750		213660		213750		213660
929		213750		213660		213750		213660
930		213750		213660		213750		213660
931		216540		213660		216540		213660
932		216540		213660		216540		213660
933		216540		213660		216540		213660
934		202950		213660		202950		213660
935		202950		213660		202950		213660
936		202950		213660		202950		213660
937		216270		213660		216270		213660
938		216270		213660		216270		213660
939		216270		213660		216270		213660
940		213210		213660		213210		213660
941		213210		213660		213210		213660
942		213210		213660		213210		213660
943		220230		213660		220230		213660
944		220230		213660		220230		213660
945		220230		213660		220230		213660
946		218250		217620		218250		217620
947		218250		217620		218250		217620
948		218250		217620		218250		217620
949		221940		217620		221940		217620
950		221940		217620		221940		217620
951		221940		217620		221940		217620
952		206100		217620		206100		217620
953		206100		217620		206100		217620
954		206100		217620		206100		217620
955		220320		217620		220320		217620
956		220320		217620		220320		217620
957		220320		217620		220320		217620
958		215910		217620		215910		217620
959		215910		217620		215910		217620
960		215910		217620		215910		217620
961		213930		208620		213930		208620
962		213930		208620		213930		208620
963		213930		208620		213930		208620
964		207900		208620		207900		208620
965		207900		208620		207900		208620
966		207900		208620		207900		208620
967		225090		221220		225090		221220
968		225090		221220		225090		221220
969		225090		221220		225090		221220
970		220950		221220		220950		221220
971		220950		221220		220950		221220
972		220950		221220		220950		221220
973		223020		221220		223020		221220
974		223020		221220		223020		221220
975		223020		221220		223020		221220
976		225360		221220		225360		221220
977		225360		221220		225360		221220
978		225360		221220		225360		221220
979		214380		221220		214380		221220
980		214380		221220		214380		221220
981		214380		221220		214380		221220
982		219690		219420		219690		219420
983		219690		219420		219690		219420
984		219690		219420		219690		219420
985		222030		219420		222030		219420
986		222030		219420		222030		219420
987		222030		219420		222030		219420
988		223740		225180		223740		225180
989		223740		225180		223740		225180
990		223740		225180		223740		225180
991		234720		225180		234720		225180
992		234720		225180		234720		225180
993		234720		225180		234720		225180
994		215100		225180		215100		225180
995		215100		225180		215100		225180
996		215100		225180		215100		225180
997		233370		225180		233370		225180
998		233370		225180		233370		225180
999		233370		225180		233370		225180
1000		218790		225180		218790		225180
1001		218790		225180		218790		225180
1002		218790		225180		218790		225180
1003		224820		223380		224820		223380
1004		224820		223380		224820		223380
1005		224820		223380		224820		223380
1006		226080		223380		226080		223380
1007		226080		223380		226080		223380
1008		226080		223380		226080		223380
1009		224460		229140		224460		229140
1010		224460		229140		224460		229140
1011		224460		229140		224460		229140
1012		236250		229140		236250		229140
1013		236250		229140		236250		229140
1014		236250		229140		236250		229140
1015		230310		229140		230310		229140
1016		230310		229140		230310		229140
1017		230310		229140		230310		229140
1018		228780		229140		228780		229140
1019		228780		229140		228780		229140
1020		228780		229140		228780		229140
1021		229320		229140		229320		229140
1022		229320		229140		229320		229140
1023		229320		229140		229320		229140
1024		215820		227340		215820		227340
1025		215820		227340		215820		227340
1026		215820		227340		215820		227340
1027		236250		227340		236250		227340
1028		236250		227340		236250		227340
1029		236250		227340		236250		227340
1030		233640		233460		233640		233460
1031		233640		233460		233640		233460
1032		233640		233460		233640		233460
1033		242910		233460		242910		233460
1034		242910		233460		242910		233460
1035		242910		233460		242910		233460
1036		231570		233460		231570		233460
1037		231570		233460		231570		233460
1038		231570		233460		231570		233460
1039		226710		233460		226710		233460
1040		226710		233460		226710		233460
1041		226710		233460		226710		233460
1042		229770		233460		229770		233460
1043		229770		233460		229770		233460
1044		229770		233460		229770		233460
1045		233640		231660		233640		231660
1046		233640		231660		233640		231660
1047		233640		231660		233640		231660
1048		236430		231660		236430		231660
1049		236430		231660		236430		231660
1050		236430		231660		236430		231660
1051		245250		237420		245250		237420
1052		245250		237420		245250		237420
1053		245250		237420		245250		237420
1054		230670		237420		230670		237420
1055		230670		237420		230670		237420
1056		230670		237420		230670		237420
1057		238050		237420		238050		237420
1058		238050		237420		238050		237420
1059		238050		237420		238050		237420
1060		234360		237420		234360		237420
1061		234360		237420		234360		237420
1062		234360		237420		234360		237420
1063		238590		237420		238590		237420
1064		238590		237420		238590		237420
1065		238590		237420		238590		237420
1066		238770		235620		238770		235620
1067		238770		235620		238770		235620
1068		238770		235620		238770		235620
1069		234990		235620		234990		235620
1070		234990		235620		234990		235620
1071		234990		235620		234990		235620
1072		242460		241740		242460		241740
1073		242460		241740		242460		241740
1074		242460		241740		242460		241740
1075		245250		241740		245250		241740
1076		245250		241740		245250		241740
1077		245250		241740		245250		241740
1078		237600		241740		237600		241740
1079		237600		241740		237600		241740
1080		237600		241740		237600		241740
1081		248580		241740		248580		241740
1082		248580		241740		248580		241740
1083		248580		241740		248580		241740
1084		230670		241740		230670		241740
1085		230670		241740		230670		241740
1086		230670		241740		230670		241740
1087		246780		239940		246780		239940
1088		246780		239940		246780		239940
1089		246780		239940		246780		239940
1090		239850		239940		239850		239940
1091		239850		239940		239850		239940
1092		239850		239940		239850		239940
1093		248040		245700		248040		245700
1094		248040		245700		248040		245700
1095		248040		245700		248040		245700
1096		249300		245700		249300		245700
1097		249300		245700		249300		245700
1098		249300		245700		249300		245700
1099		237870		245700		237870		245700
1100		237870		245700		237870		245700
1101		237870		245700		237870		245700
1102		249660		245700		249660		245700
1103		249660		245700		249660		245700
1104		249660		245700		249660		245700
1105		246330		245700		246330		245700
1106		246330		245700		246330		245700
1107		246330		245700		246330		245700
1108		242640		243900		242640		243900
1109		242640		243900		242640		243900
1110		242640		243900		242640		243900
1111		250380		243900		250380		243900
1112		250380		243900		250380		243900
1113		250380		243900		250380		243900
1114		239040		250020		239040		250020
1115		239040		250020		239040		250020
1116		239040		250020		239040		250020
1117		259470		250020		259470		250020
1118		259470		250020		259470		250020
1119		259470		250020		259470		250020
1120		247500		250020		247500		250020
1121		247500		250020		247500		250020
1122		247500		250020		247500		250020
1123		256770		250020		256770		250020
1124		256770		250020		256770		250020
1125		256770		250020		256770		250020
1126		247140		250020		247140		250020
1127		247140		250020		247140		250020
1128		247140		250020		247140		250020
1129		239040		247320		239040		247320
1130		239040		247320		239040		247320
1131		239040		247320		239040		247320
1132		249750		247320		249750		247320
1133		249750		247320		249750		247320
1134		249750		247320		249750		247320
1135		257580		254520		257580		254520
1136		257580		254520		257580		254520
1137		257580		254520		257580		254520
1138		261450		254520		261450		254520
1139		261450		254520		261450		254520
1140		261450		254520		261450		254520
1141		259380		254520		259380		254520
1142		259380		254520		259380		254520
1143		259380		254520		259380		254520
1144		244800		254520		244800		254520
1145		244800		254520		244800		254520
1146		244800		254520		244800		254520
1147		252990		254520		252990		254520
1148		252990		254520		252990		254520
1149		252990		254520		252990		254520
1150		248940		252720		248940		252720
1151		248940		252720		248940		252720
1152		248940		252720		248940		252720
1153		260370		252720		260370		252720
1154		260370		252720		260370		252720
1155		260370		252720		260370		252720
1156		264240		259200		264240		259200
1157		264240		259200		264240		259200
1158		264240		259200		264240		259200
1159		259380		259200		259380		259200
1160		259380		259200		259380		259200
1161		259380		259200		259380		259200
1162		255690		259200		255690		259200
1163		255690		259200		255690		259200
1164		255690		259200		255690		259200
1165		260280		259200		260280		259200
1166		260280		259200		260280		259200
1167		260280		259200		260280		259200
1168		253890		259200		253890		259200
1169		253890		259200		253890		259200
1170		253890		259200		253890		259200
1171		252360		248400		252360		248400
1172		252360		248400		252360		248400
1173		252360		248400		252360		248400
1174		243180		248400		243180		248400
1175		243180		248400		243180		248400
1176		243180		248400		243180		248400
1177		270270		263520		270270		263520
1178		270270		263520		270270		263520
1179		270270		263520		270270		263520
1180		275940		263520		275940		263520
1181		275940		263520		275940		263520
1182		275940		263520		275940		263520
1183		263070		263520		263070		263520
1184		263070		263520		263070		263520
1185		263070		263520		263070		263520
1186		264780		263520		264780		263520
1187		264780		263520		264780		263520
1188		264780		263520		264780		263520
1189		244260		263520		244260		263520
1190		244260		263520		244260		263520
1191		244260		263520		244260		263520
1192		254070		252720		254070		252720
1193		254070		252720		254070		252720
1194		254070		252720		254070		252720
1195		258660		252720		258660		252720
1196		258660		252720		258660		252720
1197		258660		252720		258660		252720
1198		279180		268200		279180		268200
1199		279180		268200		279180		268200
1200		279180		268200		279180		268200
1201		287370		268200		287370		268200
1202		287370		268200		287370		268200
1203		287370		268200		287370		268200
1204		244170		268200		244170		268200
1205		244170		268200		244170		268200
1206		244170		268200		244170		268200
1207		274500		268200		274500		268200
1208		274500		268200		274500		268200
1209		274500		268200		274500		268200
1210		255420		268200		255420		268200
1211		255420		268200		255420		268200
1212		255420		268200		255420		268200
1213		260820		256500		260820		256500
1214		260820		256500		260820		256500
1215		260820		256500		260820		256500
1216		270090		256500		270090		256500
1217		270090		256500		270090		256500
1218		270090		256500		270090		256500
1219		267030		273060		267030		273060
1220		267030		273060		267030		273060
1221		267030		273060		267030		273060
1222		288720		273060		288720		273060
1223		288720		273060		288720		273060
1224		288720		273060		288720		273060
1225		263160		273060		263160		273060
1226		263160		273060		263160		273060
1227		263160		273060		263160		273060
1228		278280		273060		278280		273060
1229		278280		273060		278280		273060
1230		278280		273060		278280		273060
1231		265770		273060		265770		273060
1232		265770		273060		265770		273060
1233		265770		273060		265770		273060
1234		256230		266760		256230		266760
1235		256230		266760		256230		266760
1236		256230		266760		256230		266760
1237		283320		266760		283320		266760
1238		283320		266760		283320		266760
1239		283320		266760		283320		266760
1240		277110		277920		277110		277920
1241		277110		277920		277110		277920
1242		277110		277920		277110		277920
1243		293310		277920		293310		277920
1244		293310		277920		293310		277920
1245		293310		277920		293310		277920
1246		268920		277920		268920		277920
1247		268920		277920		268920		277920
1248		268920		277920		268920		277920
1249		265860		277920		265860		277920
1250		265860		277920		265860		277920
1251		265860		277920		265860		277920
1252		280080		277920		280080		277920
1253		280080		277920		280080		277920
1254		280080		277920		280080		277920
1255		265230		266220		265230		266220
1256		265230		266220		265230		266220
1257		265230		266220		265230		266220
1258		279270		266220		279270		266220
1259		279270		266220		279270		266220
1260		279270		266220		279270		266220
1261		284220		282780		284220		282780
1262		284220		282780		284220		282780
1263		284220		282780		284220		282780
1264		283320		282780		283320		282780
1265		283320		282780		283320		282780
1266		283320		282780		283320		282780
1267		282420		282780		282420		282780
1268		282420		282780		282420		282780
1269		282420		282780		282420		282780
1270		282690		282780		282690		282780
1271		282690		282780		282690		282780
1272		282690		282780		282690		282780
1273		281430		282780		281430		282780
1274		281430		282780		281430		282780
1275		281430		282780		281430		282780
1276		276660		276480		276660		276480
1277		276660		276480		276660		276480
1278		276660		276480		276660		276480
1279		270360		276480		270360		276480
1280		270360		276480		270360		276480
1281		270360		276480		270360		276480
1282		299610		287640		299610		287640
1283		299610		287640		299610		287640
1284		299610		287640		299610		287640
1285		292320		287640		292320		287640
1286		292320		287640		292320		287640
1287		292320		287640		292320		287640
1288		284580		287640		284580		287640
1289		284580		287640		284580		287640
1290		284580		287640		284580		287640
1291		292770		287640		292770		287640
1292		292770		287640		292770		287640
1293		292770		287640		292770		287640
1294		270360		287640		270360		287640
1295		270360		287640		270360		287640
1296		270360		287640		270360		287640
1297		290970		284940		290970		284940
1298		290970		284940		290970		284940
1299		290970		284940		290970		284940
1300		292320		284940		292320		284940
1301		292320		284940		292320		284940
1302		292320		284940		292320		284940
1303		294480		292860		294480		292860
1304		294480		292860		294480		292860
1305		294480		292860		294480		292860
1306		299430		292860		299430		292860
1307		299430		292860		299430		292860
1308		299430		292860		299430		292860
1309		279180		292860		279180		292860
1310		279180		292860		279180		292860
1311		279180		292860		279180		292860
1312		300870		292860		300870		292860
1313		300870		292860		300870		292860
1314		300870		292860		300870		292860
1315		286920		292860		286920		292860
1316		286920		292860		286920		292860
1317		286920		292860		286920		292860
1318		295560		291060		295560		291060
1319		295560		291060		295560		291060
1320		295560		291060		295560		291060
1321		297270		291060		297270		291060
1322		297270		291060		297270		291060
1323		297270		291060		297270		291060
1324		285570		297900		285570		297900
1325		285570		297900		285570		297900
1326		285570		297900		285570		297900
1327		311580		297900		311580		297900
1328		311580		297900		311580		297900
1329		311580		297900		311580		297900
1330		293310		297900		293310		297900
1331		293310		297900		293310		297900
1332		293310		297900		293310		297900
1333		298710		297900		298710		297900
1334		298710		297900		298710		297900
1335		298710		297900		298710		297900
1336		300510		297900		300510		297900
1337		300510		297900		300510		297900
1338		300510		297900		300510		297900
1339		282330		295200		282330		295200
1340		282330		295200		282330		295200
1341		282330		295200		282330		295200
1342		306180		295200		306180		295200
1343		306180		295200		306180		295200
1344		306180		295200		306180		295200
1345		304290		303120		304290		303120
1346		304290		303120		304290		303120
1347		304290		303120		304290		303120
1348		308610		303120		308610		303120
1349		308610		303120		308610		303120
1350		308610		303120		308610		303120
1351		301770		303120		301770		303120
1352		301770		303120		301770		303120
1353		301770		303120		301770		303120
1354		295470		303120		295470		303120
1355		295470		303120		295470		303120
1356		295470		303120		295470		303120
1357		306180		303120		306180		303120
1358		306180		303120		306180		303120
1359		306180		303120		306180		303120
1360		299970		301320		299970		301320
1361		299970		301320		299970		301320
1362		299970		301320		299970		301320
1363		307530		301320		307530		301320
1364		307530		301320		307530		301320
1365		307530		301320		307530		301320
1366		311850		308520		311850		308520
1367		311850		308520		311850		308520
1368		311850		308520		311850		308520
1369		299070		308520		299070		308520
1370		299070		308520		299070		308520
1371		299070		308520		299070		308520
1372		316260		308520		316260		308520
1373		316260		308520		316260		308520
1374		316260		308520		316260		308520
1375		308970		308520		308970		308520
1376		308970		308520		308970		308520
1377		308970		308520		308970		308520
1378		305370		308520		306720		308520
1379		305370		308520		306720		308520
1380		305370		308520		306720		308520
1381		309420		305640		309420		305640
1382		309420		305640		309420		305640
1383		309420		305640		309420		305640
1384		296640		305640		296640		305640
1385		296640		305640		296640		305640
1386		296640		305640		296640		305640
1387		319860		313920		319860		313920
1388		319860		313920		319860		313920
1389		319860		313920		319860		313920
1390		321210		313920		321210		313920
1391		321210		313920		321210		313920
1392		321210		313920		321210		313920
1393		313560		313920		313560		313920
1394		313560		313920		313560		313920
1395		313560		313920		313560		313920
1396		317610		313920		317610		313920
1397		317610		313920		317610		313920
1398		317610		313920		317610		313920
1399		297720		313920		299070		313920
1400		297720		313920		299070		313920
1401		297720		313920		299070		313920
1402		318510		311940		318510		311940
1403		318510		311940		318510		311940
1404		318510		311940		318510		311940
1405		313380		311940		313380		311940
1406		313380		311940		313380		311940
1407		313380		311940		313380		311940
1408		325980		319500		325980		319500
1409		325980		319500		325980		319500
1410		325980		319500		325980		319500
1411		325710		319500		325710		319500
1412		325710		319500		325710		319500
1413		325710		319500		325710		319500
1414		303930		319500		303930		319500
1415		303930		319500		303930		319500
1416		303930		319500		303930		319500
1417		329040		319500		329040		319500
1418		329040		319500		329040		319500
1419		329040		319500		329040		319500
1420		314460		319500		315810		319500
1421		314460		319500		315810		319500
1422		314460		319500		315810		319500
1423		317070		316620		317070		316620
1424		317070		316620		317070		316620
1425		317070		316620		317070		316620
1426		326520		316620		326520		316620
1427		326520		316620		326520		316620
1428		326520		316620		326520		316620
1429		312300		325260		312300		325260
1430		312300		325260		312300		325260
1431		312300		325260		312300		325260
1432		336330		325260		336330		325260
1433		336330		325260		336330		325260
1434		336330		325260		336330		325260
1435		324180		325260		324180		325260
1436		324180		325260		324180		325260
1437		324180		325260		324180		325260
1438		328950		325260		328950		325260
1439		328950		325260		328950		325260
1440		328950		325260		328950		325260
1441		321120		325260		322470		325260
1442		321120		325260		322470		325260
1443		321120		325260		322470		325260
1444		313110		322380		313110		322380
1445		313110		322380		313110		322380
1446		313110		322380		313110		322380
1447		331740		322380		331740		322380
1448		331740		322380		331740		322380
1449		331740		322380		331740		322380
1450		331470		331020		331470		331020
1451		331470		331020		331470		331020
1452		331470		331020		331470		331020
1453		339480		331020		339480		331020
1454		339480		331020		339480		331020
1455		339480		331020		339480		331020
1456		330840		331020		330840		331020
1457		330840		331020		330840		331020
1458		330840		331020		330840		331020
1459		318510		331020		318510		331020
1460		318510		331020		318510		331020
1461		318510		331020		318510		331020
1462		336060		331020		337410		331020
1463		336060		331020		337410		331020
1464		336060		331020		337410		331020
1465		327960		329040		327960		329040
1466		327960		329040		327960		329040
1467		327960		329040		327960		329040
1468		334890		329040		334890		329040
1469		334890		329040		334890		329040
1470		334890		329040		334890		329040
1471		341550		336960		341550		336960
1472		341550		336960		341550		336960
1473		341550		336960		341550		336960
1474		328140		336960		328140		336960
1475		328140		336960		328140		336960
1476		328140		336960		328140		336960
1477		339480		336960		339480		336960
1478		339480		336960		339480		336960
1479		339480		336960		339480		336960
1480		342180		336960		342180		336960
1481		342180		336960		342180		336960
1482		342180		336960		342180		336960
1483		333810		336960		335160		336960
1484		333810		336960		335160		336960
1485		333810		336960		335160		336960
1486		335880		334080		335880		334080
1487		335880		334080		335880		334080
1488		335880		334080		335880		334080
1489		326790		334080		326790		334080
1490		326790		334080		326790		334080
1491		326790		334080		326790		334080
1492		348930		342720		348930		342720
1493		348930		342720		348930		342720
1494		348930		342720		348930		342720
1495		346230		342720		346230		342720
1496		346230		342720		346230		342720
1497		346230		342720		346230		342720
1498		346770		342720		346770		342720
1499		346770		342720		346770		342720
1500		346770		342720		346770		342720
1501		345600		342720		345600		342720
1502		345600		342720		345600		342720
1503		345600		342720		345600		342720
1504		324630		342720		325980		342720
1505		324630		342720		325980		342720
1506		324630		342720		325980		342720
1507		347580		339840		347580		339840
1508		347580		339840		347580		339840
1509		347580		339840		347580		339840
1510		342720		339840		342720		339840
1511		342720		339840		342720		339840
1512		342720		339840		342720		339840
1513		351270		348840		351270		348840
1514		351270		348840		351270		348840
1515		351270		348840		351270		348840
1516		359820		348840		359820		348840
1517		359820		348840		359820		348840
1518		359820		348840		359820		348840
1519		332640		348840		332640		348840
1520		332640		348840		332640		348840
1521		332640		348840		332640		348840
1522		356670		348840		356670		348840
1523		356670		348840		356670		348840
1524		356670		348840		356670		348840
1525		344880		348840		350730		348840
1526		344880		348840		350730		348840
1527		344880		348840		350730		348840
1528		336780		336960		336780		336960
1529		336780		336960		336780		336960
1530		336780		336960		336780		336960
1531		339930		336960		339930		336960
1532		339930		336960		339930		336960
1533		339930		336960		339930		336960
1534		347130		354960		347130		354960
1535		347130		354960		347130		354960
1536		347130		354960		347130		354960
1537		372240		354960		372240		354960
1538		372240		354960		372240		354960
1539		372240		354960		372240		354960
1540		356580		354960		356580		354960
1541		356580		354960		356580		354960
1542		356580		354960		356580		354960
1543		361440		354960		361440		354960
1544		361440		354960		361440		354960
1545		361440		354960		361440		354960
1546		339930		354960		345780		354960
1547		339930		354960		345780		354960
1548		339930		354960		345780		354960
1549		327240		343080		327240		343080
1550		327240		343080		327240		343080
1551		327240		343080		327240		343080
1552		355590		343080		355590		343080
1553		355590		343080		355590		343080
1554		355590		343080		355590		343080
1555		372150		361080		372150		361080
1556		372150		361080		372150		361080
1557		372150		361080		372150		361080
1558		375930		361080		375930		361080
1559		375930		361080		375930		361080
1560		375930		361080		375930		361080
1561		355950		361080		355950		361080
1562		355950		361080		355950		361080
1563		355950		361080		355950		361080
1564		349740		361080		349740		361080
1565		349740		361080		349740		361080
1566		349740		361080		349740		361080
1567		350190		361080		353790		361080
1568		350190		361080		353790		361080
1569		350190		361080		353790		361080
1570		360990		353700		360990		353700
1571		360990		353700		360990		353700
1572		360990		353700		360990		353700
1573		365850		353700		365850		353700
1574		365850		353700		365850		353700
1575		365850		353700		365850		353700
1576		370980		367740		370980		367740
1577		370980		367740		370980		367740
1578		370980		367740		370980		367740
1579		365850		367740		365850		367740
1580		365850		367740		365850		367740
1581		365850		367740		365850		367740
1582		362340		367740		362340		367740
1583		362340		367740		362340		367740
1584		362340		367740		362340		367740
1585		373140		367740		373140		367740
1586		373140		367740		373140		367740
1587		373140		367740		373140		367740
1588		363690		367740		369540		367740
1589		363690		367740		369540		367740
1590		363690		367740		369540		367740
1591		355410		355860		355410		355860
1592		355410		355860		355410		355860
1593		355410		355860		355410		355860
1594		352440		355860		352440		355860
1595		352440		355860		352440		355860
1596		352440		355860		352440		355860
1597		378360		374220		378360		374220
1598		378360		374220		378360		374220
1599		378360		374220		378360		374220
1600		390240		374220		390240		374220
1601		390240		374220		390240		374220
1602		390240		374220		390240		374220
1603		372600		374220		372600		374220
1604		372600		374220		372600		374220
1605		372600		374220		372600		374220
1606		376200		374220		376200		374220
1607		376200		374220		376200		374220
1608		376200		374220		376200		374220
1609		351360		374220		357210		374220
1610		351360		374220		357210		374220
1611		351360		374220		357210		374220
1612		364950		362340		364950		362340
1613		364950		362340		364950		362340
1614		364950		362340		364950		362340
1615		374670		362340		374670		362340
1616		374670		362340		374670		362340
1617		374670		362340		374670		362340
1618		389700		380700		389700		380700
1619		389700		380700		389700		380700
1620		389700		380700		389700		380700
1621		387900		380700		387900		380700
1622		387900		380700		387900		380700
1623		387900		380700		387900		380700
1624		363510		380700		363510		380700
1625		363510		380700		363510		380700
1626		363510		380700		363510		380700
1627		386820		380700		386820		380700
1628		386820		380700		386820		380700
1629		386820		380700		386820		380700
1630		375750		380700		379350		380700
1631		375750		380700		379350		380700
1632		375750		380700		379350		380700
1633		379620		373320		379620		373320
1634		379620		373320		379620		373320
1635		379620		373320		379620		373320
1636		378900		373320		378900		373320
1637		378900		373320		378900		373320
1638		378900		373320		378900		373320
1639		375300		387360		375300		387360
1640		375300		387360		375300		387360
1641		375300		387360		375300		387360
1642		398610		387360		398610		387360
1643		398610		387360		398610		387360
1644		398610		387360		398610		387360
1645		386820		387360		386820		387360
1646		386820		387360		386820		387360
1647		386820		387360		386820		387360
1648		398250		387360		398250		387360
1649		398250		387360		398250		387360
1650		398250		387360		398250		387360
1651		377820		387360		379170		387360
1652		377820		387360		379170		387360
1653		377820		387360		379170		387360
1654		371790		384480		371790		384480
1655		371790		384480		371790		384480
1656		371790		384480		371790		384480
1657		392940		384480		392940		384480
1658		392940		384480		392940		384480
1659		392940		384480		392940		384480
1660		398700		394200		398700		394200
1661		398700		394200		398700		394200
1662		398700		394200		398700		394200
1663		407970		394200		407970		394200
1664		407970		394200		407970		394200
1665		407970		394200		407970		394200
1666		388890		394200		388890		394200
1667		388890		394200		388890		394200
1668		388890		394200		388890		394200
1669		382860		394200		382860		394200
1670		382860		394200		382860		394200
1671		382860		394200		382860		394200
1672		392940		394200		394740		394200
1673		392940		394200		394740		394200
1674		392940		394200		394740		394200
1675		392580		390960		392580		390960
1676		392580		390960		392580		390960
1677		392580		390960		392580		390960
1678		405090		390960		405090		390960
1679		405090		390960		405090		390960
1680		405090		390960		405090		390960
1681		399060		401400		399060		401400
1682		399060		401400		399060		401400
1683		399060		401400		399060		401400
1684		395190		401400		395190		401400
1685		395190		401400		395190		401400
1686		395190		401400		395190		401400
1687		402750		401400		402750		401400
1688		402750		401400		402750		401400
1689		402750		401400		402750		401400
1690		405630		401400		405630		401400
1691		405630		401400		405630		401400
1692		405630		401400		405630		401400
1693		402930		401400		404730		401400
1694		402930		401400		404730		401400
1695		402930		401400		404730		401400
1696		396180		398160		396180		398160
1697		396180		398160		396180		398160
1698		396180		398160		396180		398160
1699		390150		398160		390150		398160
1700		390150		398160		390150		398160
1701		390150		398160		390150		398160
1702		414630		408240		414630		408240
1703		414630		408240		414630		408240
1704		414630		408240		414630		408240
1705		415350		408240		415350		408240
1706		415350		408240		415350		408240
1707		415350		408240		415350		408240
1708		413370		408240		413370		408240
1709		413370		408240		413370		408240
1710		413370		408240		413370		408240
1711		406620		408240		406620		408240
1712		406620		408240		406620		408240
1713		406620		408240		406620		408240
1714		391230		408240		392580		408240
1715		391230		408240		392580		408240
1716		391230		408240		392580		408240
1717		410040		405360		410040		405360
1718		410040		405360		410040		405360
1719		410040		405360		410040		405360
1720		412920		405360		412920		405360
1721		412920		405360		412920		405360
1722		412920		405360		412920		405360
1723		423540		415440		423540		415440
1724		423540		415440		423540		415440
1725		423540		415440		423540		415440
1726		417870		415440		417870		415440
1727		417870		415440		417870		415440
1728		417870		415440		417870		415440
1729		399510		415440		399510		415440
1730		399510		415440		399510		415440
1731		399510		415440		399510		415440
1732		423720		415440		423720		415440
1733		423720		415440		423720		415440
1734		423720		415440		423720		415440
1735		411840		415440		413640		415440
1736		411840		415440		413640		415440
1737		411840		415440		413640		415440
1738		420660		412200		420660		412200
1739		420660		412200		420660		412200
1740		420660		412200		420660		412200
1741		412830		412200		412830		412200
1742		412830		412200		412830		412200
1743		412830		412200		412830		412200
1744		411210		423000		411210		423000
1745		411210		423000		411210		423000
1746		411210		423000		411210		423000
1747		433260		423000		433260		423000
1748		433260		423000		433260		423000
1749		433260		423000		433260		423000
1750		424260		423000		424260		423000
1751		424260		423000		424260		423000
1752		424260		423000		424260		423000
1753		433080		423000		433080		423000
1754		433080		423000		433080		423000
1755		433080		423000		433080		423000
1756		413910		423000		415710		423000
1757		413910		423000		415710		423000
1758		413910		423000		415710		423000
1759		406170		419760		406170		419760
1760		406170		419760		406170		419760
1761		406170		419760		406170		419760
1762		429300		419760		429300		419760
1763		429300		419760		429300		419760
1764		429300		419760		429300		419760
1765		433350		430200		433350		430200
1766		433350		430200		433350		430200
1767		433350		430200		433350		430200
1768		445410		430200		445410		430200
1769		445410		430200		445410		430200
1770		445410		430200		445410		430200
1771		423720		430200		423720		430200
1772		423720		430200		423720		430200
1773		423720		430200		423720		430200
1774		420300		430200		420300		430200
1775		420300		430200		420300		430200
1776		420300		430200		420300		430200
1777		428220		430200		430020		430200
1778		428220		430200		430020		430200
1779		428220		430200		430020		430200
1780		428310		426060		428310		426060
1781		428310		426060		428310		426060
1782		428310		426060		428310		426060
1783		438210		426060		438210		426060
1784		438210		426060		438210		426060
1785		438210		426060		438210		426060
1786		436770		437940		436770		437940
1787		436770		437940		436770		437940
1788		436770		437940		436770		437940
1789		432270		437940		432270		437940
1790		432270		437940		432270		437940
1791		432270		437940		432270		437940
1792		440910		437940		440910		437940
1793		440910		437940		440910		437940
1794		440910		437940		440910		437940
1795		442080		437940		442080		437940
1796		442080		437940		442080		437940
1797		442080		437940		442080		437940
1798		438210		437940		439560		437940
1799		438210		437940		439560		437940
1800		438210		437940		439560		437940
1801		431100		435060		431100		435060
1802		431100		435060		431100		435060
1803		431100		435060		431100		435060
1804		428760		435060		428760		435060
1805		428760		435060		428760		435060
1806		428760		435060		428760		435060
1807		452610		445500		452610		445500
1808		452610		445500		452610		445500
1809		452610		445500		452610		445500
1810		454860		445500		454860		445500
1811		454860		445500		454860		445500
1812		454860		445500		454860		445500
1813		448020		445500		448020		445500
1814		448020		445500		448020		445500
1815		448020		445500		448020		445500
1816		444150		445500		444150		445500
1817		444150		445500		444150		445500
1818		444150		445500		444150		445500
1819		426600		445500		428400		445500
1820		426600		445500		428400		445500
1821		426600		445500		428400		445500
1822		447570		441360		447570		441360
1823		447570		441360		447570		441360
1824		447570		441360		447570		441360
1825		449820		441360		449820		441360
1826		449820		441360		449820		441360
1827		449820		441360		449820		441360
1828		461520		453600		461520		453600
1829		461520		453600		461520		453600
1830		461520		453600		461520		453600
1831		456570		453600		456570		453600
1832		456570		453600		456570		453600
1833		456570		453600		456570		453600
1834		438660		453600		438660		453600
1835		438660		453600		438660		453600
1836		438660		453600		438660		453600
1837		460710		453600		460710		453600
1838		460710		453600		460710		453600
1839		460710		453600		460710		453600
1840		449820		453600		451620		453600
1841		449820		453600		451620		453600
1842		449820		453600		451620		453600
1843		457560		450360		457560		450360
1844		457560		450360		457560		450360
1845		457560		450360		457560		450360
1846		452610		450360		452610		450360
1847		452610		450360		452610		450360
1848		452610		450360		452610		450360
1849		450810		461520		450810		461520
1850		450810		461520		450810		461520
1851		450810		461520		450810		461520
1852		472860		461520		472860		461520
1853		472860		461520		472860		461520
1854		472860		461520		472860		461520
1855		459450		461520		459450		461520
1856		459450		461520		459450		461520
1857		459450		461520		459450		461520
1858		471510		461520		471510		461520
1859		471510		461520		471510		461520
1860		471510		461520		471510		461520
1861		452610		461520		454410		461520
1862		452610		461520		454410		461520
1863		452610		461520		454410		461520
1864		446850		458280		446850		458280
1865		446850		458280		446850		458280
1866		446850		458280		446850		458280
1867		468900		458280		468900		458280
1868		468900		458280		468900		458280
1869		468900		458280		468900		458280
1870		472050		469800		472050		469800
1871		472050		469800		472050		469800
1872		472050		469800		472050		469800
1873		481950		469800		481950		469800
1874		481950		469800		481950		469800
1875		481950		469800		481950		469800
1876		464850		469800		464850		469800
1877		464850		469800		464850		469800
1878		464850		469800		464850		469800
1879		461250		469800		461250		469800
1880		461250		469800		461250		469800
1881		461250		469800		461250		469800
1882		468900		469800		473850		469800
1883		468900		469800		473850		469800
1884		468900		469800		473850		469800
1885		467100		465840		467100		465840
1886		467100		465840		467100		465840
1887		467100		465840		467100		465840
1888		477000		465840		477000		465840
1889		477000		465840		477000		465840
1890		477000		465840		477000		465840
1891		475200		478080		475200		478080
1892		475200		478080		475200		478080
1893		475200		478080		475200		478080
1894		471600		478080		471600		478080
1895		471600		478080		471600		478080
1896		471600		478080		471600		478080
1897		484200		478080		484200		478080
1898		484200		478080		484200		478080
1899		484200		478080		484200		478080
1900		482400		478080		482400		478080
1901		482400		478080		482400		478080
1902		482400		478080		482400		478080
1903		477000		478080		481950		478080
1904		477000		478080		481950		478080
1905		477000		478080		481950		478080
1906		470250		474120		470250		474120
1907		470250		474120		470250		474120
1908		470250		474120		470250		474120
1909		466650		474120		466650		474120
1910		466650		474120		466650		474120
1911		466650		474120		466650		474120
1912		494550		486360		494550		486360
1913		494550		486360		494550		486360
1914		494550		486360		494550		486360
1915		492750		486360		492750		486360
1916		492750		486360		492750		486360
1917		492750		486360		492750		486360
1918		492300		486360		492300		486360
1919		492300		486360		492300		486360
1920		492300		486360		492300		486360
1921		485550		486360		485550		486360
1922		485550		486360		485550		486360
1923		485550		486360		485550		486360
1924		466650		486360		482400		486360
1925		466650		486360		482400		486360
1926		466650		486360		482400		486360
1927		478800		473760		478800		473760
1928		478800		473760		478800		473760
1929		478800		473760		478800		473760
1930		477000		473760		477000		473760
1931		477000		473760		477000		473760
1932		477000		473760		477000		473760
1933		503100		495000		503100		495000
1934		503100		495000		503100		495000
1935		503100		495000		503100		495000
1936		496350		495000		496350		495000
1937		496350		495000		496350		495000
1938		496350		495000		496350		495000
1939		493200		495000		493200		495000
1940		493200		495000		493200		495000
1941		493200		495000		493200		495000
1942		505350		495000		505350		495000
1943		505350		495000		505350		495000
1944		505350		495000		505350		495000
1945		477000		495000		484200		495000
1946		477000		495000		484200		495000
1947		477000		495000		484200		495000
1948		495900		489240		495900		489240
1949		495900		489240		495900		489240
1950		495900		489240		495900		489240
1951		489150		489240		489150		489240
1952		489150		489240		489150		489240
1953		489150		489240		489150		489240
1954		504000		503640		504000		503640
1955		504000		503640		504000		503640
1956		504000		503640		504000		503640
1957		516150		503640		516150		503640
1958		516150		503640		516150		503640
1959		516150		503640		516150		503640
1960		495000		503640		495000		503640
1961		495000		503640		495000		503640
1962		495000		503640		495000		503640
1963		513900		503640		513900		503640
1964		513900		503640		513900		503640
1965		513900		503640		513900		503640
1966		489150		503640		496350		503640
1967		489150		503640		496350		503640
1968		489150		503640		496350		503640
1969		496800		497880		496800		497880
1970		496800		497880		496800		497880
1971		496800		497880		496800		497880
1972		508950		497880		508950		497880
1973		508950		497880		508950		497880
1974		508950		497880		508950		497880
1975		506250		512640		506250		512640
1976		506250		512640		506250		512640
1977		506250		512640		506250		512640
1978		525150		512640		525150		512640
1979		525150		512640		525150		512640
1980		525150		512640		525150		512640
1981		507600		512640		507600		512640
1982		507600		512640		507600		512640
1983		507600		512640		507600		512640
1984		515250		512640		515250		512640
1985		515250		512640		515250		512640
1986		515250		512640		515250		512640
1987		508950		512640		516600		512640
1988		508950		512640		516600		512640
1989		508950		512640		516600		512640
1990		498600		506520		498600		506520
1991		498600		506520		498600		506520
1992		498600		506520		498600		506520
1993		517500		506520		517500		506520
1994		517500		506520		517500		506520
1995		517500		506520		517500		506520
1996		518850		521640		518850		521640
1997		518850		521640		518850		521640
1998		518850		521640		518850		521640
1999		526500		521640		526500		521640
2000		526500		521640		526500		521640
2001		526500		521640		526500		521640
2002		527850		521640		527850		521640
2003		527850		521640		527850		521640
2004		527850		521640		527850		521640
2005		517500		521640		517500		521640
2006		517500		521640		517500		521640
2007		517500		521640		517500		521640
2008		517500		521640		524700		521640
2009		517500		521640		524700		521640
2010		517500		521640		524700		521640
2011		511650		515880		511650		515880
2012		511650		515880		511650		515880
2013		511650		515880		511650		515880
2014		519300		515880		519300		515880
2015		519300		515880		519300		515880
2016		519300		515880		519300		515880
2017		539100		530640		539100		530640
2018		539100		530640		539100		530640
2019		539100		530640		539100		530640
2020		528750		530640		528750		530640
2021		528750		530640		528750		530640
2022		528750		530640		528750		530640
2023		535950		530640		535950		530640
2024		535950		530640		535950		530640
2025		535950		530640		535950		530640
2026		530100		530640		530100		530640
2027		530100		530640		530100		530640
2028		530100		530640		530100		530640
2029		519300		530640		526950		530640
2030		519300		530640		526950		530640
2031		519300		530640		526950		530640
2032		531450		524520		531450		524520
2033		531450		524520		531450		524520
2034		531450		524520		531450		524520
2035		521100		524520		521100		524520
2036		521100		524520		521100		524520
2037		521100		524520		521100		524520
2038		548100		540360		548100		540360
2039		548100		540360		548100		540360
2040		548100		540360		548100		540360
2041		542250		540360		542250		540360
2042		542250		540360		542250		540360
2043		542250		540360		542250		540360
2044		539100		540360		539100		540360
2045		539100		540360		539100		540360
2046		539100		540360		539100		540360
2047		551250		540360		551250		540360
2048		551250		540360		551250		540360
2049		551250		540360		551250		540360
2050		521100		540360		528300		540360
2051		521100		540360		528300		540360
2052		521100		540360		528300		540360
2053		540900		534600		540900		534600
2054		540900		534600		540900		534600
2055		540900		534600		540900		534600
2056		535050		534600		535050		534600
2057		535050		534600		535050		534600
2058		535050		534600		535050		534600
2059		550800		549720		550800		549720
2060		550800		549720		550800		549720
2061		550800		549720		550800		549720
2062		562950		549720		562950		549720
2063		562950		549720		562950		549720
2064		562950		549720		562950		549720
2065		540000		549720		540000		549720
2066		540000		549720		540000		549720
2067		540000		549720		540000		549720
2068		559800		549720		559800		549720
2069		559800		549720		559800		549720
2070		559800		549720		559800		549720
2071		535050		549720		542700		549720
2072		535050		549720		542700		549720
2073		535050		549720		542700		549720
2074		543150		543600		543150		543600
2075		543150		543600		543150		543600
2076		543150		543600		543150		543600
2077		555300		543600		555300		543600
2078		555300		543600		555300		543600
2079		555300		543600		555300		543600
2080		552150		559440		552150		559440
2081		552150		559440		552150		559440
2082		552150		559440		552150		559440
2083		571950		559440		571950		559440
2084		571950		559440		571950		559440
2085		571950		559440		571950		559440
2086		554850		559440		554850		559440
2087		554850		559440		554850		559440
2088		554850		559440		554850		559440
2089		562950		559440		562950		559440
2090		562950		559440		562950		559440
2091		562950		559440		562950		559440
2092		555300		559440		564300		559440
2093		555300		559440		564300		559440
2094		555300		559440		564300		559440
2095		543150		552240		543150		552240
2096		543150		552240		543150		552240
2097		543150		552240		543150		552240
2098		562950		552240		562950		552240
2099		562950		552240		562950		552240
2100		562950		552240		562950		552240
2101		567000		569160		567000		569160
2102		567000		569160		567000		569160
2103		567000		569160		567000		569160
2104		575100		569160		575100		569160
2105		575100		569160		575100		569160
2106		575100		569160		575100		569160
2107		576450		569160		576450		569160
2108		576450		569160		576450		569160
2109		576450		569160		576450		569160
2110		564300		569160		564300		569160
2111		564300		569160		564300		569160
2112		564300		569160		564300		569160
2113		562950		569160		571050		569160
2114		562950		569160		571050		569160
2115		562950		569160		571050		569160
2116		558900		562680		558900		562680
2117		558900		562680		558900		562680
2118		558900		562680		558900		562680
2119		567000		562680		567000		562680
2120		567000		562680		567000		562680
2121		567000		562680		567000		562680
2122		589050		579240		589050		579240
2123		589050		579240		589050		579240
2124		589050		579240		589050		579240
2125		576900		579240		576900		579240
2126		576900		579240		576900		579240
2127		576900		579240		576900		579240
2128		583650		579240		583650		579240
2129		583650		579240		583650		579240
2130		583650		579240		583650		579240
2131		579600		579240		579600		579240
2132		579600		579240		579600		579240
2133		579600		579240		579600		579240
2134		567000		579240		585900		579240
2135		567000		579240		585900		579240
2136		567000		579240		585900		579240
2137		570150		564120		570150		564120
2138		570150		564120		570150		564120
2139		570150		564120		570150		564120
2140		558000		564120		558000		564120
2141		558000		564120		558000		564120
2142		558000		564120		558000		564120
2143		596700		589680		596700		589680
2144		596700		589680		596700		589680
2145		596700		589680		596700		589680
2146		592650		589680		592650		589680
2147		592650		589680		592650		589680
2148		592650		589680		592650		589680
2149		598950		589680		598950		589680
2150		598950		589680		598950		589680
2151		598950		589680		598950		589680
2152		602100		589680		602100		589680
2153		602100		589680		602100		589680
2154		602100		589680		602100		589680
2155		558000		589680		577350		589680
2156		558000		589680		577350		589680
2157		558000		589680		577350		589680
2158		577350		574200		577350		574200
2159		577350		574200		577350		574200
2160		577350		574200		577350		574200
2161		573300		574200		573300		574200
2162		573300		574200		573300		574200
2163		573300		574200		573300		574200
2164		612000		600120		612000		600120
2165		612000		600120		612000		600120
2166		612000		600120		612000		600120
2167		615150		600120		615150		600120
2168		615150		600120		615150		600120
2169		615150		600120		615150		600120
2170		590400		600120		590400		600120
2171		590400		600120		590400		600120
2172		590400		600120		590400		600120
2173		609750		600120		609750		600120
2174		609750		600120		609750		600120
2175		609750		600120		609750		600120
2176		573300		600120		594000		600120
2177		573300		600120		594000		600120
2178		573300		600120		594000		600120
2179		591300		583560		591300		583560
2180		591300		583560		591300		583560
2181		591300		583560		591300		583560
2182		594450		583560		594450		583560
2183		594450		583560		594450		583560
2184		594450		583560		594450		583560
2185		603450		610560		603450		610560
2186		603450		610560		603450		610560
2187		603450		610560		603450		610560
2188		622800		610560		622800		610560
2189		622800		610560		622800		610560
2190		622800		610560		622800		610560
2191		607050		610560		607050		610560
2192		607050		610560		607050		610560
2193		607050		610560		607050		610560
2194		625050		610560		625050		610560
2195		625050		610560		625050		610560
2196		625050		610560		625050		610560
2197		594450		610560		608400		610560
2198		594450		610560		608400		610560
2199		594450		610560		608400		610560
2200		589500		599400		589500		599400
2201		589500		599400		589500		599400
2202		589500		599400		589500		599400
2203		608850		599400		608850		599400
2204		608850		599400		608850		599400
2205		608850		599400		608850		599400
2206		620550		621360		620550		621360
2207		620550		621360		620550		621360
2208		620550		621360		620550		621360
2209		638550		621360		638550		621360
2210		638550		621360		638550		621360
2211		638550		621360		638550		621360
2212		621900		621360		621900		621360
2213		621900		621360		621900		621360
2214		621900		621360		621900		621360
2215		616950		621360		616950		621360
2216		616950		621360		616950		621360
2217		616950		621360		616950		621360
2218		608850		621360		629550		621360
2219		608850		621360		629550		621360
2220		608850		621360		629550		621360
2221		599850		604800		599850		604800
2222		599850		604800		599850		604800
2223		599850		604800		599850		604800
2224		617850		604800		617850		604800
2225		617850		604800		617850		604800
2226		617850		604800		617850		604800
2227		635400		632160		635400		632160
2228		635400		632160		635400		632160
2229		635400		632160		635400		632160
2230		630450		632160		630450		632160
2231		630450		632160		630450		632160
2232		630450		632160		630450		632160
2233		643050		632160		643050		632160
2234		643050		632160		643050		632160
2235		643050		632160		643050		632160
2236		634050		632160		634050		632160
2237		634050		632160		634050		632160
2238		634050		632160		634050		632160
2239		617850		632160		631800		632160
2240		617850		632160		631800		632160
2241		617850		632160		631800		632160
2242		621450		621000		621450		621000
2243		621450		621000		621450		621000
2244		621450		621000		621450		621000
2245		616500		621000		616500		621000
2246		616500		621000		616500		621000
2247		616500		621000		616500		621000
2248		657000		643320		657000		643320
2249		657000		643320		657000		643320
2250		657000		643320		657000		643320
2251		648000		643320		648000		643320
2252		648000		643320		648000		643320
2253		648000		643320		648000		643320
2254		645750		643320		645750		643320
2255		645750		643320		645750		643320
2256		645750		643320		645750		643320
2257		649350		643320		649350		643320
2258		649350		643320		649350		643320
2259		649350		643320		649350		643320
2260		616500		643320		626400		643320
2261		616500		643320		626400		643320
2262		616500		643320		626400		643320
2263		647100		635400		647100		635400
2264		647100		635400		647100		635400
2265		647100		635400		647100		635400
2266		638100		635400		638100		635400
2267		638100		635400		638100		635400
2268		638100		635400		638100		635400
2269		660150		654840		660150		654840
2270		660150		654840		660150		654840
2271		660150		654840		660150		654840
2272		663750		654840		663750		654840
2273		663750		654840		663750		654840
2274		663750		654840		663750		654840
2275		640800		654840		640800		654840
2276		640800		654840		640800		654840
2277		640800		654840		640800		654840
2278		671400		654840		671400		654840
2279		671400		654840		671400		654840
2280		671400		654840		671400		654840
2281		638100		654840		646650		654840
2282		638100		654840		646650		654840
2283		638100		654840		646650		654840
2284		651600		648000		651600		648000
2285		651600		648000		651600		648000
2286		651600		648000		651600		648000
2287		655200		648000		655200		648000
2288		655200		648000		655200		648000
2289		655200		648000		655200		648000
2290		655200		666360		655200		666360
2291		655200		666360		655200		666360
2292		655200		666360		655200		666360
2293		685800		666360		685800		666360
2294		685800		666360		685800		666360
2295		685800		666360		685800		666360
2296		661050		666360		661050		666360
2297		661050		666360		661050		666360
2298		661050		666360		661050		666360
2299		674550		666360		674550		666360
2300		674550		666360		674550		666360
2301		674550		666360		674550		666360
2302		655200		666360		665100		666360
2303		655200		666360		665100		666360
2304		655200		666360		665100		666360
2305		645300		658440		645300		658440
2306		645300		658440		645300		658440
2307		645300		658440		645300		658440
2308		675900		658440		675900		658440
2309		675900		658440		675900		658440
2310		675900		658440		675900		658440
2311		675900		678240		675900		678240
2312		675900		678240		675900		678240
2313		675900		678240		675900		678240
2314		689400		678240		689400		678240
2315		689400		678240		689400		678240
2316		689400		678240		689400		678240
2317		679950		678240		679950		678240
2318		679950		678240		679950		678240
2319		679950		678240		679950		678240
2320		670050		678240		670050		678240
2321		670050		678240		670050		678240
2322		670050		678240		670050		678240
2323		675900		678240		684900		678240
2324		675900		678240		684900		678240
2325		675900		678240		684900		678240
2326		666900		671040		666900		671040
2327		666900		671040		666900		671040
2328		666900		671040		666900		671040
2329		680400		671040		680400		671040
2330		680400		671040		680400		671040
2331		680400		671040		680400		671040
2332		694800		690120		694800		690120
2333		694800		690120		694800		690120
2334		694800		690120		694800		690120
2335		684900		690120		684900		690120
2336		684900		690120		684900		690120
2337		684900		690120		684900		690120
2338		699750		690120		699750		690120
2339		699750		690120		699750		690120
2340		699750		690120		699750		690120
2341		690750		690120		690750		690120
2342		690750		690120		690750		690120
2343		690750		690120		690750		690120
2344		680400		690120		690750		690120
2345		680400		690120		690750		690120
2346		680400		690120		690750		690120
2347		684450		681840		684450		681840
2348		684450		681840		684450		681840
2349		684450		681840		684450		681840
2350		674550		681840		674550		681840
2351		674550		681840		674550		681840
2352		674550		681840		674550		681840
2353		715050		702360		715050		702360
2354		715050		702360		715050		702360
2355		715050		702360		715050		702360
2356		706050		702360		706050		702360
2357		706050		702360		706050		702360
2358		706050		702360		706050		702360
2359		706050		702360		706050		702360
2360		706050		702360		706050		702360
2361		706050		702360		706050		702360
2362		710100		702360		710100		702360
2363		710100		702360		710100		702360
2364		710100		702360		710100		702360
2365		674550		702360		684000		702360
2366		674550		702360		684000		702360
2367		674550		702360		684000		702360
2368		705600		694800		705600		694800
2369		705600		694800		705600		694800
2370		705600		694800		705600		694800
2371		696600		694800		696600		694800
2372		696600		694800		696600		694800
2373		696600		694800		696600		694800
2374		721350		714600		721350		714600
2375		721350		714600		721350		714600
2376		721350		714600		721350		714600
2377		725400		714600		725400		714600
2378		725400		714600		725400		714600
2379		725400		714600		725400		714600
2380		699300		714600		699300		714600
2381		699300		714600		699300		714600
2382		699300		714600		699300		714600
2383		730350		714600		730350		714600
2384		730350		714600		730350		714600
2385		730350		714600		730350		714600
2386		696600		714600		707400		714600
2387		696600		714600		707400		714600
2388		696600		714600		707400		714600
2389		710550		705960		710550		705960
2390		710550		705960		710550		705960
2391		710550		705960		710550		705960
2392		714600		705960		714600		705960
2393		714600		705960		714600		705960
2394		714600		705960		714600		705960
2395		715050		727200		715050		727200
2396		715050		727200		715050		727200
2397		715050		727200		715050		727200
2398		746100		727200				
2399		746100		727200				
