Time Power  
1    100000 
2    100000 
3    100000 
4    100000 
5    100000 
6    100000 
7    100000 
8    100000 
9    100000 
10   100000 
11   100000 
12   100000 
13   101000 
14   101000 
15   101000 
16   101000 
17   1000   
18   1000   
19   101000 
20   101000 
21   101000 
22   101000 
23   101000 
24   101000 
25   103000 
26   103000 
27   103000 
28   103000 
29   102000 
30   102000 
31   103000 
32   103000 
33   103000 
34   103000 
35   3000   
36   3000   
37   104000 
38   104000 
39   104000 
40   104000 
41   102000 
42   102000 
43   104000 
44   104000 
45   104000 
46   104000 
47   103000 
48   103000 
49   105000 
50   105000 
51   105000 
52   105000 
53   4000   
54   4000   
55   105000 
56   105000 
57   105000 
58   105000 
59   103000 
60   103000 
61   106000 
62   106000 
63   106000 
64   106000 
65   104000 
66   104000 
67   106000 
68   106000 
69   106000 
70   106000 
71   5000   
72   5000   
73   107000 
74   107000 
75   107000 
76   107000 
77   104000 
78   104000 
79   107000 
80   107000 
81   107000 
82   107000 
83   105000 
84   105000 
85   108000 
86   108000 
87   108000 
88   108000 
89   6000   
90   6000   
91   108000 
92   108000 
93   108000 
94   108000 
95   105000 
96   105000 
97   109000 
98   109000 
99   109000 
100  109000 
101  106000 
102  106000 
103  109000 
104  109000 
105  109000 
106  109000 
107  7000   
108  7000   
109  110000 
110  110000 
111  110000 
112  110000 
113  106000 
114  106000 
115  110000 
116  110000 
117  110000 
118  110000 
119  107000 
120  107000 
121  111000 
122  111000 
123  111000 
124  111000 
125  8000   
126  8000   
127  111000 
128  111000 
129  111000 
130  111000 
131  107000 
132  107000 
133  112000 
134  112000 
135  112000 
136  112000 
137  108000 
138  108000 
139  112000 
140  112000 
141  112000 
142  112000 
143  9000   
144  9000   
145  113000 
146  113000 
147  113000 
148  113000 
149  108000 
150  108000 
151  113000 
152  113000 
153  113000 
154  113000 
155  109000 
156  109000 
157  114000 
158  114000 
159  114000 
160  114000 
161  10000  
162  10000  
163  114000 
164  114000 
165  114000 
166  114000 
167  109000 
168  109000 
169  115000 
170  115000 
171  115000 
172  115000 
173  110000 
174  110000 
175  115000 
176  115000 
177  115000 
178  115000 
179  11000  
180  11000  
181  117000 
182  117000 
183  117000 
184  117000 
185  111000 
186  111000 
187  117000 
188  117000 
189  117000 
190  117000 
191  112000 
192  107000 
193  118000 
194  118000 
195  118000 
196  118000 
197  17000  
198  17000  
199  118000 
200  118000 
201  118000 
202  118000 
203  112000 
204  107000 
205  119000 
206  119000 
207  119000 
208  119000 
209  108000 
210  108000 
211  119000 
212  119000 
213  119000 
214  119000 
215  23000  
216  23000  
217  120000 
218  120000 
219  120000 
220  120000 
221  108000 
222  108000 
223  120000 
224  120000 
225  120000 
226  120000 
227  109000 
228  104000 
229  121000 
230  121000 
231  121000 
232  121000 
233  29000  
234  29000  
235  121000 
236  121000 
237  121000 
238  121000 
239  109000 
240  104000 
241  123000 
242  123000 
243  123000 
244  123000 
245  106000 
246  106000 
247  123000 
248  123000 
249  123000 
250  123000 
251  36000  
252  36000  
253  124000 
254  124000 
255  124000 
256  124000 
257  105000 
258  105000 
259  124000 
260  124000 
261  124000 
262  124000 
263  107000 
264  102000 
265  125000 
266  125000 
267  125000 
268  125000 
269  42000  
270  42000  
271  125000 
272  125000 
273  125000 
274  125000 
275  106000 
276  101000 
277  126000 
278  126000 
279  126000 
280  126000 
281  103000 
282  103000 
283  126000 
284  126000 
285  126000 
286  126000 
287  48000  
288  48000  
289  127000 
290  127000 
291  127000 
292  127000 
293  102000 
294  102000 
295  127000 
296  127000 
297  127000 
298  127000 
299  104000 
300  99000  
301  129000 
302  129000 
303  129000 
304  129000 
305  55000  
306  55000  
307  129000 
308  129000 
309  129000 
310  129000 
311  104000 
312  104000 
313  130000 
314  130000 
315  130000 
316  130000 
317  100000 
318  100000 
319  130000 
320  130000 
321  130000 
322  130000 
323  56000  
324  56000  
325  131000 
326  131000 
327  131000 
328  131000 
329  105000 
330  105000 
331  131000 
332  131000 
333  131000 
334  131000 
335  101000 
336  101000 
337  133000 
338  133000 
339  133000 
340  133000 
341  58000  
342  58000  
343  133000 
344  133000 
345  133000 
346  133000 
347  107000 
348  107000 
349  134000 
350  134000 
351  134000 
352  134000 
353  102000 
354  102000 
355  134000 
356  134000 
357  134000 
358  134000 
359  59000  
360  59000  
361  135000 
362  135000 
363  135000 
364  135000 
365  108000 
366  108000 
367  135000 
368  135000 
369  135000 
370  135000 
371  103000 
372  103000 
373  137000 
374  137000 
375  137000 
376  137000 
377  61000  
378  61000  
379  137000 
380  137000 
381  137000 
382  137000 
383  110000 
384  110000 
385  138000 
386  138000 
387  138000 
388  138000 
389  104000 
390  104000 
391  138000 
392  138000 
393  138000 
394  138000 
395  62000  
396  62000  
397  139000 
398  139000 
399  139000 
400  139000 
401  111000 
402  111000 
403  139000 
404  139000 
405  139000 
406  139000 
407  105000 
408  105000 
409  141000 
410  141000 
411  141000 
412  141000 
413  64000  
414  64000  
415  141000 
416  141000 
417  141000 
418  141000 
419  113000 
420  113000 
421  141800 
422  141800 
423  141800 
424  141800 
425  105800 
426  105800 
427  141800 
428  141800 
429  141800 
430  141800 
431  64800  
432  64800  
433  143400 
434  143400 
435  143400 
436  143400 
437  114600 
438  114600 
439  143400 
440  143400 
441  143400 
442  143400 
443  107400 
444  107400 
445  144600 
446  144600 
447  144600 
448  144600 
449  66000  
450  66000  
451  144600 
452  144600 
453  144600 
454  144600 
455  115800 
456  115800 
457  146200 
458  146200 
459  146200 
460  146200 
461  109000 
462  109000 
463  146200 
464  146200 
465  146200 
466  146200 
467  67600  
468  67600  
469  147800 
470  147800 
471  147800 
472  147800 
473  117400 
474  117400 
475  147800 
476  147800 
477  147800 
478  147800 
479  110600 
480  110600 
481  149000 
482  149000 
483  149000 
484  149000 
485  68800  
486  68800  
487  149000 
488  149000 
489  149000 
490  149000 
491  118600 
492  118600 
493  150600 
494  150600 
495  150600 
496  150600 
497  112200 
498  112200 
499  150600 
500  150600 
501  150600 
502  150600 
503  70400  
504  70400  
505  152200 
506  152200 
507  152200 
508  152200 
509  120200 
510  120200 
511  152200 
512  152200 
513  152200 
514  152200 
515  113800 
516  113800 
517  153400 
518  153400 
519  153400 
520  153400 
521  71600  
522  71600  
523  153400 
524  153400 
525  153400 
526  153400 
527  121400 
528  121400 
529  155000 
530  155000 
531  155000 
532  155000 
533  115400 
534  115400 
535  155000 
536  155000 
537  155000 
538  155000 
539  73200  
540  73200  
541  156600 
542  156600 
543  156600 
544  156600 
545  123000 
546  123000 
547  156600 
548  156600 
549  156600 
550  156600 
551  117000 
552  112000 
553  158400 
554  158400 
555  158400 
556  158400 
557  80000  
558  80000  
559  158400 
560  158400 
561  158400 
562  158400 
563  124800 
564  119800 
565  159800 
566  159800 
567  159800 
568  159800 
569  113400 
570  113400 
571  159800 
572  159800 
573  159800 
574  159800 
575  86400  
576  86400  
577  161600 
578  161600 
579  161600 
580  161600 
581  121600 
582  121600 
583  161600 
584  161600 
585  161600 
586  161600 
587  115200 
588  110200 
589  163000 
590  163000 
591  163000 
592  163000 
593  92800  
594  92800  
595  163000 
596  163000 
597  163000 
598  163000 
599  123000 
600  118000 
601  164800 
602  164800 
603  164800 
604  164800 
605  112000 
606  112000 
607  164800 
608  164800 
609  164800 
610  164800 
611  99600  
612  99600  
613  166200 
614  166200 
615  166200 
616  166200 
617  119400 
618  119400 
619  166200 
620  166200 
621  166200 
622  166200 
623  113400 
624  108400 
625  168000 
626  168000 
627  168000 
628  168000 
629  106400 
630  106400 
631  168000 
632  168000 
633  168000 
634  168000 
635  121200 
636  116200 
637  169800 
638  169800 
639  169800 
640  169800 
641  110200 
642  110200 
643  169800 
644  169800 
645  169800 
646  169800 
647  113200 
648  113200 
649  171200 
650  171200 
651  171200 
652  171200 
653  117600 
654  117600 
655  171200 
656  171200 
657  171200 
658  171200 
659  111600 
660  106600 
661  173000 
662  173000 
663  173000 
664  173000 
665  120000 
666  120000 
667  173000 
668  173000 
669  173000 
670  173000 
671  119400 
672  119400 
673  175400 
674  175400 
675  175400 
676  175400 
677  109000 
678  109000 
679  175400 
680  175400 
681  175400 
682  175400 
683  122400 
684  122400 
685  177400 
686  177400 
687  177400 
688  177400 
689  121400 
690  121400 
691  177400 
692  177400 
693  177400 
694  177400 
695  111000 
696  111000 
697  178400 
698  178400 
699  178400 
700  178400 
701  123400 
702  123400 
703  178400 
704  178400 
705  178400 
706  178400 
707  122400 
708  122400 
709  180200 
710  180200 
711  180200 
712  180200 
713  112800 
714  112800 
715  180200 
716  180200 
717  180200 
718  180200 
719  125200 
720  125200 
721  181800 
722  181800 
723  181800 
724  181800 
725  124000 
726  124000 
727  181800 
728  181800 
729  181800 
730  181800 
731  114400 
732  114400 
733  183800 
734  183800 
735  183800 
736  183800 
737  127200 
738  127200 
739  183800 
740  183800 
741  183800 
742  183800 
743  126000 
744  126000 
745  185400 
746  185400 
747  185400 
748  185400 
749  116000 
750  116000 
751  185400 
752  185400 
753  185400 
754  185400 
755  128800 
756  128800 
757  187400 
758  187400 
759  187400 
760  187400 
761  128000 
762  128000 
763  187400 
764  187400 
765  187400 
766  187400 
767  118000 
768  118000 
769  189400 
770  189400 
771  189400 
772  189400 
773  130800 
774  130800 
775  189400 
776  189400 
777  189400 
778  189400 
779  130000 
780  130000 
781  191000 
782  191000 
783  191000 
784  191000 
785  119600 
786  119600 
787  191000 
788  191000 
789  191000 
790  191000 
791  132400 
792  132400 
793  193000 
794  193000 
795  193000 
796  193000 
797  132000 
798  132000 
799  193000 
800  193000 
801  193000 
802  193000 
803  121600 
804  121600 
805  195000 
806  195000 
807  195000 
808  195000 
809  134400 
810  134400 
811  195000 
812  195000 
813  195000 
814  195000 
815  134000 
816  134000 
817  197000 
818  197000 
819  197000 
820  197000 
821  123600 
822  123600 
823  197000 
824  197000 
825  197000 
826  197000 
827  136400 
828  136400 
829  199000 
830  199000 
831  199000 
832  199000 
833  136000 
834  136000 
835  199000 
836  199000 
837  199000 
838  199000 
839  125600 
840  125600 
841  201000 
842  201000 
843  201000 
844  201000 
845  138400 
846  138400 
847  201000 
848  201000 
849  201000 
850  201000 
851  138000 
852  138000 
853  203000 
854  203000 
855  203000 
856  203000 
857  127600 
858  127600 
859  203000 
860  203000 
861  203000 
862  203000 
863  140400 
864  140400 
865  205000 
866  205000 
867  205000 
868  205000 
869  140000 
870  140000 
871  205000 
872  205000 
873  205000 
874  205000 
875  129600 
876  129600 
877  207000 
878  207000 
879  207000 
880  207000 
881  142400 
882  142400 
883  207000 
884  207000 
885  207000 
886  207000 
887  142000 
888  142000 
889  209000 
890  209000 
891  209000 
892  209000 
893  131600 
894  131600 
895  209000 
896  209000 
897  209000 
898  209000 
899  144400 
900  144400 
901  211000 
902  211000 
903  211000 
904  211000 
905  144000 
906  144000 
907  211000 
908  211000 
909  211000 
910  211000 
911  133600 
912  133600 
913  213400 
914  213400 
915  213400 
916  213400 
917  146800 
918  146800 
919  213400 
920  213400 
921  213400 
922  213400 
923  146400 
924  146400 
925  215400 
926  215400 
927  215400 
928  215400 
929  135600 
930  135600 
931  215400 
932  215400 
933  215400 
934  215400 
935  148800 
936  148800 
937  217400 
938  217400 
939  217400 
940  217400 
941  148400 
942  148400 
943  217400 
944  217400 
945  217400 
946  217400 
947  137600 
948  137600 
949  219800 
950  219800 
951  219800 
952  219800 
953  151200 
954  151200 
955  219800 
956  219800 
957  219800 
958  219800 
959  150800 
960  150800 
961  221800 
962  221800 
963  221800 
964  221800 
965  139600 
966  139600 
967  221800 
968  221800 
969  221800 
970  221800 
971  153200 
972  152200 
973  224000 
974  224000 
975  224000 
976  224000 
977  153000 
978  153000 
979  224000 
980  224000 
981  224000 
982  224000 
983  142800 
984  140800 
985  226400 
986  226400 
987  226400 
988  226400 
989  154600 
990  154600 
991  226400 
992  226400 
993  226400 
994  226400 
995  157400 
996  156400 
997  228600 
998  228600 
999  228600 
1000 228600 
1001 143000 
1002 143000 
1003 228600 
1004 228600 
1005 228600 
1006 228600 
1007 157800 
1008 156800 
1009 230800 
1010 230800 
1011 230800 
1012 230800 
1013 158600 
1014 158600 
1015 230800 
1016 230800 
1017 230800 
1018 230800 
1019 146200 
1020 145200 
1021 233000 
1022 233000 
1023 233000 
1024 233000 
1025 159000 
1026 159000 
1027 233000 
1028 233000 
1029 233000 
1030 233000 
1031 161800 
1032 160800 
1033 235600 
1034 235600 
1035 235600 
1036 235600 
1037 147800 
1038 147800 
1039 235600 
1040 235600 
1041 235600 
1042 235600 
1043 162600 
1044 161600 
1045 237800 
1046 237800 
1047 237800 
1048 237800 
1049 163000 
1050 163000 
1051 237800 
1052 237800 
1053 237800 
1054 237800 
1055 151000 
1056 150000 
1057 240400 
1058 240400 
1059 240400 
1060 240400 
1061 164200 
1062 164200 
1063 240400 
1064 240400 
1065 240400 
1066 240400 
1067 166600 
1068 165600 
1069 242600 
1070 242600 
1071 242600 
1072 242600 
1073 152200 
1074 152200 
1075 242600 
1076 242600 
1077 242600 
1078 242600 
1079 167400 
1080 166400 
1081 245200 
1082 245200 
1083 245200 
1084 245200 
1085 168200 
1086 168200 
1087 245200 
1088 245200 
1089 245200 
1090 245200 
1091 155800 
1092 154800 
1093 247400 
1094 247400 
1095 247400 
1096 247400 
1097 168600 
1098 168600 
1099 247400 
1100 247400 
1101 247400 
1102 247400 
1103 171400 
1104 170400 
1105 250000 
1106 250000 
1107 250000 
1108 250000 
1109 157400 
1110 157400 
1111 250000 
1112 250000 
1113 250000 
1114 250000 
1115 172200 
1116 171200 
1117 252600 
1118 252600 
1119 252600 
1120 252600 
1121 173000 
1122 173000 
1123 252600 
1124 252600 
1125 252600 
1126 252600 
1127 161000 
1128 160000 
1129 255200 
1130 255200 
1131 255200 
1132 255200 
1133 173800 
1134 173800 
1135 255200 
1136 255200 
1137 255200 
1138 255200 
1139 176600 
1140 174600 
1141 257600 
1142 257600 
1143 257600 
1144 257600 
1145 162400 
1146 162400 
1147 257600 
1148 257600 
1149 257600 
1150 257600 
1151 178200 
1152 172200 
1153 260000 
1154 260000 
1155 260000 
1156 260000 
1157 177000 
1158 177000 
1159 260000 
1160 260000 
1161 260000 
1162 260000 
1163 170800 
1164 164800 
1165 262800 
1166 262800 
1167 262800 
1168 262800 
1169 175000 
1170 175000 
1171 262800 
1172 262800 
1173 262800 
1174 262800 
1175 185800 
1176 179800 
1177 265200 
1178 265200 
1179 265200 
1180 265200 
1181 167200 
1182 167200 
1183 265200 
1184 265200 
1185 265200 
1186 265200 
1187 183400 
1188 177400 
1189 268800 
1190 268800 
1191 268800 
1192 268800 
1193 183400 
1194 183400 
1195 268800 
1196 268800 
1197 268800 
1198 268800 
1199 176800 
1200 169800 
1201 271000 
1202 271000 
1203 271000 
1204 271000 
1205 179600 
1206 179600 
1207 271000 
1208 271000 
1209 271000 
1210 271000 
1211 192600 
1212 186600 
1213 274000 
1214 274000 
1215 274000 
1216 274000 
1217 172800 
1218 172800 
1219 274000 
1220 274000 
1221 274000 
1222 274000 
1223 188600 
1224 182600 
1225 276400 
1226 276400 
1227 276400 
1228 276400 
1229 189000 
1230 189000 
1231 276400 
1232 276400 
1233 276400 
1234 276400 
1235 181200 
1236 175200 
1237 279000 
1238 279000 
1239 279000 
1240 279000 
1241 185200 
1242 185200 
1243 279000 
1244 279000 
1245 279000 
1246 279000 
1247 197600 
1248 191600 
1249 282400 
1250 282400 
1251 282400 
1252 282400 
1253 178600 
1254 178600 
1255 282400 
1256 282400 
1257 282400 
1258 282400 
1259 194600 
1260 187600 
1261 285600 
1262 285600 
1263 285600 
1264 285600 
1265 194800 
1266 194800 
1267 285600 
1268 285600 
1269 285600 
1270 285600 
1271 188800 
1272 187800 
1273 287400 
1274 287400 
1275 287400 
1276 287400 
1277 189400 
1278 189400 
1279 287400 
1280 287400 
1281 287400 
1282 287400 
1283 197600 
1284 196600 
1285 290000 
1286 290000 
1287 290000 
1288 290000 
1289 190400 
1290 190400 
1291 290000 
1292 290000 
1293 290000 
1294 290000 
1295 193000 
1296 191000 
1297 293200 
1298 293200 
1299 293200 
1300 293200 
1301 199800 
1302 199800 
1303 293200 
1304 293200 
1305 293200 
1306 293200 
1307 195600 
1308 194600 
1309 296200 
1310 296200 
1311 296200 
1312 296200 
1313 194000 
1314 194000 
1315 296200 
1316 296200 
1317 296200 
1318 296200 
1319 203800 
1320 202800 
1321 298800 
1322 298800 
1323 298800 
1324 298800 
1325 197200 
1326 197200 
1327 298800 
1328 298800 
1329 298800 
1330 298800 
1331 197600 
1332 195600 
1333 302000 
1334 302000 
1335 302000 
1336 302000 
1337 206000 
1338 206000 
1339 302000 
1340 302000 
1341 302000 
1342 302000 
1343 202400 
1344 201400 
1345 305000 
1346 305000 
1347 305000 
1348 305000 
1349 198600 
1350 198600 
1351 305000 
1352 305000 
1353 305000 
1354 305000 
1355 210000 
1356 209000 
1357 308000 
1358 308000 
1359 308000 
1360 308000 
1361 204400 
1362 204400 
1363 308000 
1364 308000 
1365 308000 
1366 308000 
1367 202600 
1368 200600 
1369 311200 
1370 311200 
1371 311200 
1372 311200 
1373 212200 
1374 212200 
1375 311200 
1376 311200 
1377 311200 
1378 311200 
1379 209600 
1380 208800 
1381 314400 
1382 314400 
1383 314400 
1384 314400 
1385 203800 
1386 203800 
1387 314400 
1388 314400 
1389 314400 
1390 314400 
1391 216200 
1392 214600 
1393 317200 
1394 317200 
1395 317200 
1396 317200 
1397 211600 
1398 211600 
1399 317200 
1400 317200 
1401 317200 
1402 317200 
1403 208200 
1404 207000 
1405 320400 
1406 320400 
1407 320400 
1408 320400 
1409 217800 
1410 217800 
1411 320400 
1412 320400 
1413 320400 
1414 320400 
1415 216000 
1416 214400 
1417 323600 
1418 323600 
1419 323600 
1420 323600 
1421 210200 
1422 210200 
1423 323600 
1424 323600 
1425 323600 
1426 323600 
1427 222600 
1428 221000 
1429 326800 
1430 326800 
1431 326800 
1432 326800 
1433 217600 
1434 217600 
1435 326800 
1436 326800 
1437 326800 
1438 326800 
1439 215000 
1440 213800 
1441 330400 
1442 330400 
1443 330400 
1444 330400 
1445 224600 
1446 224600 
1447 330400 
1448 330400 
1449 330400 
1450 330400 
1451 222400 
1452 220800 
1453 333600 
1454 333600 
1455 333600 
1456 333600 
1457 217000 
1458 217000 
1459 333600 
1460 333600 
1461 333600 
1462 333600 
1463 229400 
1464 227800 
1465 336800 
1466 336800 
1467 336800 
1468 336800 
1469 224000 
1470 224000 
1471 336800 
1472 336800 
1473 336800 
1474 336800 
1475 221800 
1476 220600 
1477 340400 
1478 340400 
1479 340400 
1480 340400 
1481 231400 
1482 231400 
1483 340400 
1484 340400 
1485 340400 
1486 340400 
1487 228800 
1488 227200 
1489 343600 
1490 343600 
1491 343600 
1492 343600 
1493 223800 
1494 223800 
1495 343600 
1496 343600 
1497 343600 
1498 343600 
1499 236200 
1500 234600 
1501 347200 
1502 347200 
1503 347200 
1504 347200 
1505 230800 
1506 230800 
1507 347200 
1508 347200 
1509 347200 
1510 347200 
1511 229000 
1512 222200 
1513 350400 
1514 350400 
1515 350400 
1516 350400 
1517 237800 
1518 237800 
1519 350400 
1520 350400 
1521 350400 
1522 350400 
1523 240800 
1524 234400 
1525 354000 
1526 354000 
1527 354000 
1528 354000 
1529 225800 
1530 225800 
1531 354000 
1532 354000 
1533 354000 
1534 354000 
1535 247800 
1536 241000 
1537 357600 
1538 357600 
1539 357600 
1540 357600 
1541 238000 
1542 238000 
1543 357600 
1544 357600 
1545 357600 
1546 357600 
1547 236200 
1548 229800 
1549 362000 
1550 362000 
1551 362000 
1552 362000 
1553 245400 
1554 245400 
1555 362000 
1556 362000 
1557 362000 
1558 362000 
1559 248800 
1560 242000 
1561 365800 
1562 365800 
1563 365800 
1564 365800 
1565 233600 
1566 233600 
1567 365800 
1568 365800 
1569 365800 
1570 365800 
1571 256000 
1572 249600 
1573 368800 
1574 368800 
1575 368800 
1576 368800 
1577 245000 
1578 245000 
1579 368800 
1580 368800 
1581 368800 
1582 368800 
1583 243000 
1584 236200 
1585 372800 
1586 372800 
1587 372800 
1588 372800 
1589 253600 
1590 253600 
1591 372800 
1592 372800 
1593 372800 
1594 372800 
1595 255800 
1596 249000 
1597 376000 
1598 376000 
1599 376000 
1600 376000 
1601 239400 
1602 239400 
1603 376000 
1604 376000 
1605 376000 
1606 376000 
1607 263600 
1608 257200 
1609 379600 
1610 379600 
1611 379600 
1612 379600 
1613 252600 
1614 252600 
1615 379600 
1616 379600 
1617 379600 
1618 379600 
1619 249400 
1620 242600 
1621 383200 
1622 383200 
1623 383200 
1624 383200 
1625 260800 
1626 260800 
1627 383200 
1628 383200 
1629 383200 
1630 383200 
1631 263000 
1632 260600 
1633 387200 
1634 387200 
1635 387200 
1636 387200 
1637 246600 
1638 246600 
1639 387200 
1640 387200 
1641 387200 
1642 387200 
1643 267200 
1644 265200 
1645 391200 
1646 391200 
1647 391200 
1648 391200 
1649 264600 
1650 264600 
1651 391200 
1652 391200 
1653 391200 
1654 391200 
1655 252600 
1656 251600 
1657 395000 
1658 395000 
1659 395000 
1660 395000 
1661 269000 
1662 269000 
1663 395000 
1664 395000 
1665 395000 
1666 395000 
1667 269400 
1668 267600 
1669 398800 
1670 398800 
1671 398800 
1672 398800 
1673 255400 
1674 255400 
1675 398800 
1676 398800 
1677 398800 
1678 398800 
1679 274600 
1680 273000 
1681 402800 
1682 402800 
1683 402800 
1684 402800 
1685 271600 
1686 271600 
1687 402800 
1688 402800 
1689 402800 
1690 402800 
1691 261000 
1692 259000 
1693 406800 
1694 406800 
1695 406800 
1696 406800 
1697 277000 
1698 277000 
1699 406800 
1700 406800 
1701 406800 
1702 406800 
1703 277600 
1704 276000 
1705 411200 
1706 411200 
1707 411200 
1708 411200 
1709 263400 
1710 263400 
1711 411200 
1712 411200 
1713 411200 
1714 411200 
1715 283000 
1716 281000 
1717 415200 
1718 415200 
1719 415200 
1720 415200 
1721 280000 
1722 280000 
1723 415200 
1724 415200 
1725 415200 
1726 415200 
1727 269400 
1728 267400 
1729 419200 
1730 419200 
1731 419200 
1732 419200 
1733 285000 
1734 285000 
1735 419200 
1736 419200 
1737 419200 
1738 419200 
1739 286000 
1740 284400 
1741 423600 
1742 423600 
1743 423600 
1744 423600 
1745 271800 
1746 271800 
1747 423600 
1748 423600 
1749 423600 
1750 423600 
1751 291000 
1752 289000 
1753 427600 
1754 427600 
1755 427600 
1756 427600 
1757 288400 
1758 288400 
1759 427600 
1760 427600 
1761 427600 
1762 427600 
1763 277800 
1764 275800 
1765 432000 
1766 432000 
1767 432000 
1768 432000 
1769 293400 
1770 293400 
1771 432000 
1772 432000 
1773 432000 
1774 432000 
1775 294800 
1776 292800 
1777 436400 
1778 436400 
1779 436400 
1780 436400 
1781 280200 
1782 280200 
1783 436400 
1784 436400 
1785 436400 
1786 436400 
1787 299800 
1788 297800 
1789 440800 
1790 440800 
1791 440800 
1792 440800 
1793 297200 
1794 297200 
1795 440800 
1796 440800 
1797 440800 
1798 440800 
1799 286600 
1800 284600 
1801 445200 
1802 445200 
1803 445200 
1804 445200 
1805 302200 
1806 302200 
1807 445200 
1808 445200 
1809 445200 
1810 445200 
1811 303600 
1812 301600 
1813 449600 
1814 449600 
1815 449600 
1816 449600 
1817 289000 
1818 289000 
1819 449600 
1820 449600 
1821 449600 
1822 449600 
1823 308600 
1824 306600 
1825 454000 
1826 454000 
1827 454000 
1828 454000 
1829 306000 
1830 306000 
1831 454000 
1832 454000 
1833 454000 
1834 454000 
1835 295400 
1836 293400 
1837 458400 
1838 458400 
1839 458400 
1840 458400 
1841 311000 
1842 311000 
1843 458400 
1844 458400 
1845 458400 
1846 458400 
1847 312400 
1848 310400 
1849 463200 
1850 463200 
1851 463200 
1852 463200 
1853 298200 
1854 298200 
1855 463200 
1856 463200 
1857 463200 
1858 463200 
1859 317800 
1860 315800 
1861 467600 
1862 467600 
1863 467600 
1864 467600 
1865 314800 
1866 314800 
1867 467600 
1868 467600 
1869 467600 
1870 467600 
1871 304600 
1872 302200 
1873 472400 
1874 472400 
1875 472400 
1876 472400 
1877 320600 
1878 320600 
1879 472400 
1880 472400 
1881 472400 
1882 472400 
1883 322000 
1884 320000 
1885 477200 
1886 477200 
1887 477200 
1888 477200 
1889 307000 
1890 307000 
1891 477200 
1892 477200 
1893 477200 
1894 477200 
1895 327400 
1896 325400 
1897 482000 
1898 482000 
1899 482000 
1900 482000 
1901 324800 
1902 324800 
1903 482000 
1904 482000 
1905 482000 
1906 482000 
1907 313800 
1908 311400 
1909 486800 
1910 486800 
1911 486800 
1912 486800 
1913 330200 
1914 330200 
1915 486800 
1916 486800 
1917 486800 
1918 486800 
1919 332000 
1920 330000 
1921 491600 
1922 491600 
1923 491600 
1924 491600 
1925 316200 
1926 316200 
1927 491600 
1928 491600 
1929 491600 
1930 491600 
1931 337000 
1932 333800 
1933 496400 
1934 496400 
1935 496400 
1936 496400 
1937 334800 
1938 334800 
1939 496400 
1940 496400 
1941 496400 
1942 496400 
1943 324200 
1944 319800 
1945 501600 
1946 501600 
1947 501600 
1948 501600 
1949 339000 
1950 339000 
1951 501600 
1952 501600 
1953 501600 
1954 501600 
1955 344400 
1956 341200 
1957 506400 
1958 506400 
1959 506400 
1960 506400 
1961 324600 
1962 324600 
1963 506400 
1964 506400 
1965 506400 
1966 506400 
1967 347000 
1968 343800 
1969 511600 
1970 511600 
1971 511600 
1972 511600 
1973 346400 
1974 346400 
1975 511600 
1976 511600 
1977 511600 
1978 511600 
1979 333000 
1980 329800 
1981 516800 
1982 516800 
1983 516800 
1984 516800 
1985 349000 
1986 349000 
1987 516800 
1988 516800 
1989 516800 
1990 516800 
1991 354800 
1992 351200 
1993 522000 
1994 522000 
1995 522000 
1996 522000 
1997 335000 
1998 335000 
1999 522000 
2000 522000 
2001 522000 
2002 522000 
2003 357800 
2004 354600 
2005 527200 
2006 527200 
2007 527200 
2008 527200 
2009 356400 
2010 356400 
2011 527200 
2012 527200 
2013 527200 
2014 527200 
2015 343400 
2016 339800 
2017 532400 
2018 532400 
2019 532400 
2020 532400 
2021 359800 
2022 359800 
2023 532400 
2024 532400 
2025 532400 
2026 532400 
2027 365200 
2028 362000 
2029 537600 
2030 537600 
2031 537600 
2032 537600 
2033 345000 
2034 345000 
2035 537600 
2036 537600 
2037 537600 
2038 537600 
2039 368200 
2040 364600 
2041 542800 
2042 542800 
2043 542800 
2044 542800 
2045 367200 
2046 367200 
2047 542800 
2048 542800 
2049 542800 
2050 542800 
2051 353800 
2052 350600 
2053 548400 
2054 548400 
2055 548400 
2056 548400 
2057 370200 
2058 370200 
2059 548400 
2060 548400 
2061 548400 
2062 548400 
2063 376000 
2064 372400 
2065 554000 
2066 554000 
2067 554000 
2068 554000 
2069 356200 
2070 356200 
2071 554000 
2072 554000 
2073 554000 
2074 554000 
2075 379400 
2076 375800 
2077 559600 
2078 559600 
2079 559600 
2080 559600 
2081 378000 
2082 378000 
2083 559600 
2084 559600 
2085 559600 
2086 559600 
2087 365400 
2088 361800 
2089 565200 
2090 565200 
2091 565200 
2092 565200 
2093 381400 
2094 381400 
2095 565200 
2096 565200 
2097 565200 
2098 565200 
2099 387200 
2100 382800 
2101 570800 
2102 570800 
2103 570800 
2104 570800 
2105 367400 
2106 367400 
2107 570800 
2108 570800 
2109 570800 
2110 570800 
2111 391400 
2112 383000 
2113 576400 
2114 576400 
2115 576400 
2116 576400 
2117 388400 
2118 388400 
2119 576400 
2120 576400 
2121 576400 
2122 576400 
2123 381400 
2124 372600 
2125 582000 
2126 582000 
2127 582000 
2128 582000 
2129 388600 
2130 388600 
2131 582000 
2132 582000 
2133 582000 
2134 582000 
2135 402800 
2136 394400 
2137 588000 
2138 588000 
2139 588000 
2140 588000 
2141 378600 
2142 378600 
2143 588000 
2144 588000 
2145 588000 
2146 588000 
2147 403000 
2148 393400 
2149 594000 
2150 594000 
2151 594000 
2152 594000 
2153 400400 
2154 400400 
2155 594000 
2156 594000 
2157 594000 
2158 594000 
2159 394200 
2160 385000 
2161 599600 
2162 599600 
2163 599600 
2164 599600 
2165 399000 
2166 399000 
2167 599600 
2168 599600 
2169 599600 
2170 599600 
2171 415200 
2172 406200 
2173 605800 
2174 605800 
2175 605800 
2176 605800 
2177 391200 
2178 391200 
2179 605800 
2180 605800 
2181 605800 
2182 605800 
2183 414200 
2184 405800 
2185 611800 
2186 611800 
2187 611800 
2188 611800 
2189 412200 
2190 412200 
2191 611800 
2192 611800 
2193 611800 
2194 611800 
2195 405600 
2196 397000 
2197 618000 
2198 618000 
2199 618000 
2200 618000 
2201 412000 
2202 412000 
2203 618000 
2204 618000 
2205 618000 
2206 618000 
2207 427000 
2208 417600 
2209 624200 
2210 624200 
2211 624200 
2212 624200 
2213 403200 
2214 403200 
2215 624200 
2216 624200 
2217 624200 
2218 624200 
2219 427600 
2220 417400 
2221 630400 
2222 630400 
2223 630400 
2224 630400 
2225 423800 
2226 423800 
2227 630400 
2228 630400 
2229 630400 
2230 630400 
2231 419600 
2232 416800 
2233 636800 
2234 636800 
2235 636800 
2236 636800 
2237 423800 
2238 423800 
2239 636800 
2240 636800 
2241 636800 
2242 636800 
2243 433000 
2244 429400 
2245 643200 
2246 643200 
2247 643200 
2248 643200 
2249 423200 
2250 423200 
2251 643200 
2252 643200 
2253 643200 
2254 643200 
2255 433800 
2256 428600 
2257 649600 
2258 649600 
2259 649600 
2260 649600 
2261 435800 
2262 435800 
2263 649600 
2264 649600 
2265 649600 
2266 649600 
2267 434800 
2268 430800 
2269 656000 
2270 656000 
2271 656000 
2272 656000 
2273 435000 
2274 435000 
2275 656000 
2276 656000 
2277 656000 
2278 656000 
2279 446200 
2280 442600 
2281 662400 
2282 662400 
2283 662400 
2284 662400 
2285 437200 
2286 437200 
2287 662400 
2288 662400 
2289 662400 
2290 662400 
2291 445000 
2292 439800 
2293 657200 
2294 657200 
2295 657200 
2296 657200 
2297 437400 
2298 437400 
2299 657200 
2300 657200 
2301 657200 
2302 657200 
2303 437200 
2304 433200 
2305 653200 
2306 653200 
2307 653200 
2308 653200 
2309 435800 
2310 435800 
2311 653200 
2312 653200 
2313 653200 
2314 653200 
2315 437400 
2316 433400 
2317 649200 
2318 649200 
2319 649200 
2320 649200 
2321 429200 
2322 429200 
2323 649200 
2324 649200 
2325 649200 
2326 649200 
2327 435800 
2328 430600 
2329 644000 
2330 644000 
2331 644000 
2332 644000 
2333 428200 
2334 428200 
2335 644000 
2336 644000 
2337 644000 
2338 644000 
2339 429200 
2340 425200 
2341 640000 
2342 640000 
2343 640000 
2344 640000 
2345 426600 
2346 426600 
2347 640000 
2348 640000 
2349 640000 
2350 640000 
2351 428200 
2352 423800 
2353 635600 
2354 635600 
2355 635600 
2356 635600 
2357 420800 
2358 420800 
2359 635600 
2360 635600 
2361 635600 
2362 635600 
2363 426600 
2364 422200 
2365 631200 
2366 631200 
2367 631200 
2368 631200 
2369 419400 
2370 419400 
2371 631200 
2372 631200 
2373 631200 
2374 631200 
2375 420800 
2376 416000 
2377 626400 
2378 626400 
2379 626400 
2380 626400 
2381 417400 
2382 417400 
2383 626400 
2384 626400 
2385 626400 
2386 626400 
2387 419400 
2388 414600 
2389 621600 
2390 621600 
2391 621600 
2392 621600 
2393 411200 
2394 411200 
2395 621600 
2396 621600 
2397 621600 
2398 621600 
2399 417400 
